fold,score,n_sample,source,sub_name,score1,score2,score3,score4,feature importance T-7,feature importance T-6,feature importance T-5,feature importance T-4,feature importance T-3,feature importance T-2,feature importance T-1
1,0.7321514554581454,97808,train,train,0.7022208075289403,0.7110665387458839,0.7271065428924264,0.7882119326653312,0.0042706118108948145,0.003062121707835752,0.004317642728611149,0.004549730083428749,0.0070219204973008265,0.010655570096515615,0.03310158678226729
1,0.5833062130101843,10832,cognitive,1,0.5760476199571137,0.5950063322427804,0.6229057930241508,0.5392651068166919,0.0012370753323486083,0.0030465288035450623,-0.001587887740029531,-0.0021694977843426887,-3.692762186114362e-05,0.003517355982274745,0.012075332348596767
1,0.5265904375428471,604,mem_4,1,0.5273375961449356,0.5217877473570074,0.5390492247238742,0.5181871819455712,-0.004635761589403975,-0.0018211920529801306,-0.004635761589403975,0.0038079470198675467,0.007119205298013237,0.0024834437086092677,-0.000662251655629148
1,0.69455261224933,5327,mixed_4,1,0.7554677257053475,0.6406255131868492,0.6392175718562387,0.7428996382488843,0.00625117326825605,0.009855453350854127,0.00572554908954383,0.006194856391965459,0.004843251360991174,0.01764595457105313,0.0331143232588699
1,0.6482571143883177,10832,cognitive,2,0.6620642891753405,0.6425381523410291,0.6543478944877164,0.6340781215491846,-0.0003877400295420885,0.0010247415066469811,0.0017725258493353103,0.0040251107828655815,0.0008216395864106441,0.004837518463810936,0.027058714918759236
1,0.5642690780954585,525,mem_4,2,0.5881816544332867,0.5647311866342996,0.5839303891629473,0.5202330821513003,0.01619047619047619,0.018666666666666665,-0.005523809523809509,0.005142857142857138,0.014857142857142864,0.02152380952380953,0.02457142857142857
1,0.6494723501402591,5489,mixed_4,2,0.6479921501082097,0.6403629232149972,0.6097972244837495,0.6997371027540802,0.0011113135361632276,0.005137547822918564,0.0027327382036800795,0.006066678812169801,0.0037893969757697267,0.011094917106941155,0.033412279103661874
1,0.6774671108433488,10832,cognitive,3,0.6151735642064758,0.691142185467392,0.6749827090785129,0.7285699846210142,0.007902511078286567,0.008087149187592324,0.0070347119645495,0.00913958641063516,0.006425406203840478,0.011604505169867062,0.020661004431314633
1,0.5484206793703177,538,mem_4,3,0.6183572236203815,0.5165624633086767,0.5367395577015337,0.5220234728506787,0.002416356877323428,0.0016728624535315983,0.012267657992565056,-0.019888475836431226,-0.012825278810408913,-0.0072490706319702615,-0.012081784386617101
1,0.7263227006132258,5107,mixed_4,3,0.7576884140723701,0.7681955924293492,0.6826225268487546,0.6967842691024292,0.013647934207949863,0.012336009398864301,0.013040924221656541,0.012336009398864301,0.009379283336596822,0.019502643430585463,0.0432543567652242
1,0.6881499914084281,10832,cognitive,4,0.6774480581702214,0.6908919704756806,0.7167583956353646,0.6675015413524463,0.0047451994091580515,0.004089734121122601,0.008881093057607087,0.006776218611521417,0.007062407680945343,0.009259601181683891,0.02817577548005908
1,0.5087256424361977,634,mem_4,4,0.5408205578524996,0.4669748696064486,0.5518353174603174,0.4752718248255248,0.008832807570977924,0.016876971608832815,0.010567823343848587,-0.005993690851735012,0.004574132492113569,0.015299684542586765,0.006309148264984227
1,0.6945448945298915,4920,mixed_4,4,0.7330489150939365,0.6630594373616834,0.6666868192253143,0.7153844064386318,0.009491869918699181,0.004390243902439006,0.014349593495934943,0.010426829268292675,0.012256097560975593,0.020081300813008112,0.04036585365853657
1,0.6321749131375484,10832,cognitive,5,0.6634526211786147,0.6149047975464101,0.6481334330426165,0.602208800782552,0.00553914327917282,0.001883308714918769,0.002511078286558344,0.0024095273264401864,0.004025110782865593,0.01035819793205318,0.02774187592319054
1,0.5464141010563763,506,mem_4,5,0.5100573228671763,0.5698430047694752,0.523221454058876,0.5825346225299781,0.0011857707509881244,0.0039525691699604515,0.009288537549407094,-0.006324110671936778,-0.0061264822134387605,-0.0013833992094861968,0.0268774703557312
1,0.7730649078084988,5498,mixed_4,5,0.8164072521362461,0.6893077698506469,0.710079349499189,0.8764652597479131,0.009076027646416901,0.00818479447071665,0.010221898872317236,0.009294288832302678,0.009385230993088417,0.013459439796289585,0.03270280101855223
1,0.7174218061652996,10832,cognitive,6,0.7874781602445979,0.6947466204025511,0.7365870949612163,0.650875349052833,0.005760709010339704,-0.0003138847858198179,0.0026957163958640728,0.00041543574593793097,0.004154357459379587,0.011050590841949759,0.028988183161004405
1,0.6170315962408968,523,mem_4,6,0.6482229123533472,0.6105231888901266,0.603796890735146,0.6055833929849677,-0.006883365200764807,-0.00764818355640533,0.006883365200764835,-0.006883365200764796,-0.004588910133843188,0.013193116634799256,0.015105162523900595
1,0.6328660767310672,4522,mixed_4,6,0.6626105101118517,0.6367692305487604,0.5908091183369083,0.6412754479267486,0.006169836355594871,0.005550641309155252,0.00659000442282176,0.005705440070765155,0.013246351172047772,0.015148164528969488,0.033348076072534275
1,0.5971055645749199,10832,cognitive,7,0.5623600134489996,0.6131557451972899,0.5825978323617724,0.6303086672916178,0.0037573855243722143,0.0038774002954209573,0.00445901033973411,0.00014771048744459668,0.0034065731166912695,0.0065269571639586296,0.014549483013293929
1,0.6529150711816123,584,mem_4,7,0.7280124499777678,0.6338583655267506,0.5514004711865674,0.6983889980353635,0.005821917808219196,0.007876712328767143,0.007534246575342485,-0.008047945205479422,-0.0032534246575342206,-0.003595890410958885,0.015068493150684953
1,0.6577710928165,5554,mixed_4,7,0.7303864522143129,0.5975581166120354,0.63337744128189,0.6697623611577619,0.0032229024126755545,0.0008822470291681761,0.0012423478574000667,0.004897371263953909,0.004879366222542325,0.005581562837594534,0.035722002160604976
1,0.5607488168505301,10184,cognitive,8,0.5530993958033855,0.5795802445514889,0.5603295198271745,0.5499861072200716,-0.0008444619010212151,-0.0010703063629222242,-0.002935978004713269,0.003299293008641002,0.0014532600157109276,-0.004703456402199524,0.011194029850746268
1,0.5492763495301867,520,mem_4,8,0.5762406074664447,0.5270153469938443,0.5973809523809523,0.4964684912795056,-0.00615384615384616,-0.0036538461538461685,-0.014230769230769241,0.006730769230769218,-0.007115384615384623,-0.012692307692307708,-0.0017307692307692358
1,0.7417459230732342,5451,mixed_4,8,0.705483415666902,0.7566094956577529,0.7541682890660424,0.7507224919022395,0.003687396807925114,0.004366171344707381,0.002256466703357163,0.0009722986607961559,0.005008255365987857,0.00812694918363599,0.03126031920748483
1,0.7366580049037441,7599,cognitive,9,0.7175017243194011,0.7874936683722081,0.8063320537764457,0.6353045731469215,-0.0010659297275957603,-0.0022371364653244073,-0.0032767469403869208,-0.0009606527174628454,0.0026845637583892412,0.004790103961047487,0.01725227003553097
1,0.6262257456571352,605,mem_4,9,0.6071176470588235,0.6290257869205237,0.6935580077542499,0.5752015408949436,-0.00809917355371903,0.005785123966942124,0.0008264462809917216,-0.016859504132231435,-0.001322314049586798,-0.0013223140495867924,0.01190082644628097
1,0.7476459588006537,5367,mixed_4,9,0.7767942779948859,0.7463838499316227,0.7957097771285652,0.6716959301475409,0.008049189491335946,0.007993292342090546,0.0019564002235886112,0.004155021427240546,0.00773243897894541,0.01511086267933669,0.02878703186137508
1,0.5770263783004392,7599,cognitive,10,0.5763071099551127,0.6296164358781903,0.5427093272786496,0.5594726400898046,-0.0015659955257270764,0.0028030003947887793,-6.5798131333078e-05,0.0013686011317278646,0.0023555731017238903,0.007856296881168557,0.022647716804842725
1,0.5654126881546141,511,mem_4,10,0.5940366972477065,0.5609260685406239,0.560880829015544,0.5458071578145821,0.0052837573385518585,0.009980430528375734,0.011154598825831702,0.012328767123287671,0.0011741682974559687,0.0033268101761252445,0.021135029354207434
1,0.7023718121342367,4925,mixed_4,10,0.6371423137380281,0.7441033480147305,0.7117479069540384,0.7164936798301498,0.007715736040609117,0.0020710659898476925,0.007512690355329921,0.007329949238578654,0.004690355329949209,0.012446700507614188,0.028263959390862924
1,0.6053183359783301,7599,cognitive,11,0.5672379337393121,0.6261026326002004,0.6222898230088495,0.605642954564958,0.0006053428082642365,0.001092248980128946,0.001816028424792715,0.0006316620607974555,0.0005527043031977652,0.0037373338597183614,0.02568759047243056
1,0.5777429251113809,507,mem_4,11,0.6121135839646168,0.5788907813497977,0.5852874570823289,0.5346798780487805,0.008875739644970404,-0.004536489151873763,0.018145956607495066,0.01913214990138067,0.005325443786982248,0.015384615384615385,0.018145956607495073
1,0.6988405627784068,5509,mixed_4,11,0.736006379684818,0.6875301448943872,0.6488897623127171,0.7229359642217048,0.0031584679615175525,7.260845888547585e-05,0.0027409693229261513,0.0041386821564712625,0.0011254311127246509,0.012760936649119642,0.026574695952078443
1,0.5179708055019665,3286,cognitive,12,0.5128651155846529,0.5196590582619994,0.5285680022573364,0.5107910459038776,0.0027084601339013746,0.003743152769324387,0.009220937309799126,0.009129640900791219,-0.0006086427267194327,0.006269020085209964,0.007577601947656709
1,0.5457276810133012,622,mem_4,12,0.5320088300220751,0.5800676229202972,0.5423542432282873,0.5284800278825448,0.0025723472668810364,0.00916398713826368,-0.0061093247588424274,-0.004501607717041783,-0.000803858520900319,0.013987138263665605,0.04019292604501608
1,0.6469445885517368,5527,mixed_4,12,0.6385347994610391,0.6033304227618397,0.6249842455406208,0.7209288864434472,0.0025692057173873793,-0.0008865569024787357,-0.0021349737651528812,0.0023339967432603635,0.00010855798805862737,0.011000542789940304,0.020191785778903577
1,0.6306256826104815,3286,cognitive,13,0.5815242891342713,0.6344535481082985,0.6668836882594869,0.639641204939869,0.0030736457699330312,0.004930006086427246,0.0029519172245891455,0.0031345100426049765,0.006390748630553844,0.006512477175897735,0.013603164942178924
1,0.6403581945253308,233,mem_4,13,0.7115768463073853,0.5966164419772668,0.7153679653679653,0.5378715244487057,-0.0038626609442059924,0.00987124463519315,-0.010300429184549337,0.026609442060085853,2.7755575615628914e-17,-0.007296137339055769,0.01244635193133049
1,0.7138548785315781,3451,mixed_4,13,0.6609789057820121,0.7080219079967064,0.6949646901878492,0.791454010159745,0.001680672268907546,0.0016516951608229191,0.00428861199652274,0.0029556650246305048,0.009272674587076174,0.01535786728484496,0.03990147783251229
1,0.5134406736344439,3286,cognitive,14,0.5182176822313119,0.5061971871751635,0.5047192409025539,0.5246285842287459,0.00489957395009129,0.005356055995130854,0.006421180766889833,0.01031649421789409,0.005477784540474729,-0.0027693244065733367,0.01591600730371272
1,0.6667616258557525,250,mem_4,14,0.6834965034965034,0.6334841628959276,0.6856667440600572,0.6643990929705216,0.0031999999999999806,0.010799999999999976,0.013999999999999974,-0.00880000000000002,-0.006400000000000017,-0.032800000000000024,0.011999999999999988
1,0.7052370349659167,3204,mixed_4,14,0.6831993852529039,0.6620424271195658,0.710296041696094,0.7654102857951035,0.0049001248439450975,0.000998751560549338,0.005680399500624256,0.0008739076154806846,0.001903870162297172,0.01001872659176033,0.04928214731585519
1,0.5227742362065178,932,cognitive,15,0.5008963526685842,0.5031337453358209,0.5505951190904608,0.5364717277312048,-0.0006437768240343589,0.011695278969957068,0.009656652360515,0.0020386266094420346,0.02145922746781113,0.008583690987124448,0.01598712446351928
1,0.5745590588684438,2354,cognitive,15,0.5122327023099187,0.619646639792994,0.6075524693187881,0.5588044240520744,0.0033135089209855306,0.010960067969413751,0.007901444350042457,0.009643160577739996,0.008793542905692415,-0.001062022090059489,-0.0016992353440951735
1,0.6718929920210934,326,mem_4,15,0.7111801242236024,0.6851261620185924,0.6331586373714977,0.6581070444706809,-0.003374233128834342,-0.0064417177914110335,0.012883435582822105,0.0012269938650306845,0.022085889570552165,0.023619631901840504,0.029754601226993877
1,0.6617699769699279,2951,mixed_4,15,0.5987601680270866,0.6741701097538362,0.6593653275136662,0.7147843025851224,0.007963402236530009,0.006540155879362947,0.00450694679769571,0.005523551338529336,0.004100304981362268,0.005116909522195878,0.03229413758048121
1,0.403459129378247,53,cognitive,16,0.36764705882352944,0.44166666666666665,0.45868945868945865,0.3458333333333333,0.05471698113207546,0.07547169811320753,0.03962264150943395,0.015094339622641506,0.0,0.05471698113207546,0.03584905660377358
1,0.6815316187088551,170,mem_4,16,0.6247939937740341,0.7567195767195768,0.6712,0.6734129043418093,0.009999999999999981,0.03882352941176469,0.014705882352941175,0.027058823529411753,0.007647058823529407,-0.005294117647058833,-0.0017647058823529516
1,0.6764435403868513,2806,mixed_4,16,0.650835917785892,0.6818388976504236,0.6370294817977106,0.7360698643133788,0.011332858161083403,0.011724875267284402,0.011297220242337869,0.006628652886671432,0.012259444048467589,0.011261582323592317,0.03335709194583038
1,0.5207691409897293,53,cognitive,17,0.5266666666666667,0.6160130718954249,0.5542857142857144,0.3861111111111111,-0.02641509433962263,-0.0018867924528301772,0.005660377358490581,0.00566037735849057,0.015094339622641523,-0.018867924528301883,-0.06226415094339621
1,0.6156763044723615,275,mem_4,17,0.6965054535017222,0.6302637851581123,0.6321830568720379,0.5037529223575735,0.014909090909090938,0.012000000000000028,0.02036363636363639,0.030545454545454577,0.032727272727272744,0.030181818181818216,0.01745454545454548
1,0.7093817522946938,2801,mixed_4,17,0.7007498861344263,0.7010264293403982,0.6452802805829352,0.7904704131210155,0.0016422706176365432,0.0016422706176365432,0.0007140307033202342,0.0030703320242770173,-0.000571224562656214,0.008461263834344857,0.048339878614780424
1,0.4345696135529816,53,cognitive,18,0.44651162790697674,0.47523219814241485,0.42093023255813955,0.39560439560439564,0.013207547169811318,0.02264150943396226,0.022641509433962266,0.024528301886792447,0.04150943396226414,-0.037735849056603765,0.0037735849056603765
1,0.7322373933356561,701,mem_4,18,0.6786185743127815,0.761940858817754,0.7709303693248648,0.7174597708872241,0.023965763195435096,0.013409415121255347,0.016262482168330945,0.00984308131241084,0.01825962910128388,0.011412268188302432,0.02967189728958632
1,0.7286554794828356,2867,mixed_4,18,0.6656460674157303,0.7377572669702497,0.7286074665809292,0.7826111169644334,0.006382978723404209,0.007289850017439791,0.010463899546564315,0.008231600976630605,0.008057202650854522,0.00394140216253922,0.027241018486222502
1,0.6453098615332657,53,cognitive,19,0.7375886524822695,0.5436507936507936,0.5625,0.7375,0.007547169811320753,0.016981132075471694,-0.02075471698113207,0.02264150943396226,0.05283018867924527,0.03396226415094339,0.0849056603773585
1,0.7780348199457248,734,mem_4,19,0.7912757091006857,0.783918120467083,0.8025344180225281,0.7344110321926022,0.01403269754768392,0.011716621253405996,0.004087193460490463,-0.001226158038147135,0.01430517711171662,0.0231607629427793,0.04291553133514987
1,0.6657909484627664,1760,mixed_4,19,0.6810430373835672,0.6714544567932418,0.6143400267593897,0.696326272914867,0.003920454545454555,0.004431818181818192,0.009090909090909089,0.003920454545454544,0.0030113636363636397,0.008352272727272726,0.022613636363636364
1,0.4433502366463826,53,cognitive,20,0.019607843137254888,0.5531609195402298,0.5272988505747126,0.6733333333333333,-0.04528301886792452,0.016981132075471694,-0.016981132075471694,-0.015094339622641506,0.015094339622641511,-0.013207547169811318,0.007547169811320753
1,0.6599356111799579,243,mem_4,20,0.7077720207253886,0.6729762384212645,0.7017687520471667,0.5572254335260116,-0.024279835390946507,-0.0032921810699588494,-0.010288065843621403,-0.009465020576131689,0.00041152263374485964,-0.014814814814814808,-0.009053497942386829
1,0.6728593346039332,2015,mixed_4,20,0.6974749618728677,0.6607251218882744,0.636317917889857,0.6969193367647337,-0.0014888337468982604,4.9627791563283674e-05,-0.0012406947890818754,0.00094292803970224,0.0034243176178660128,0.007394540942928046,0.037667493796526064
1,0.4529840143723991,53,cognitive,21,0.42500000000000004,0.4870689655172413,0.4175438596491228,0.4823232323232323,-0.05471698113207546,-0.013207547169811318,-0.01132075471698113,0.007547169811320753,-0.009433962264150941,0.024528301886792447,-0.015094339622641511
1,0.5737730405662569,284,mem_4,21,0.5661582341269841,0.5844642857142859,0.5349321623599617,0.6095374800637959,0.0158450704225352,0.015845070422535197,0.005633802816901396,0.010563380281690132,0.0014084507042253446,-0.0028169014084507117,0.003873239436619702
1,0.7686800446863341,781,mixed_4,21,0.721576354679803,0.7814668415783477,0.779010206593573,0.792666775893613,0.0021766965428937635,0.005121638924455885,0.0001280409731114429,0.001792573623559579,0.013700384122919384,0.007426376440460991,0.04238156209987202
1,0.4240578539107951,53,cognitive,22,0.4411764705882353,0.3961538461538462,0.42428571428571427,0.4346153846153846,-0.030188679245283023,-0.0169811320754717,-0.041509433962264156,-0.05094339622641512,-0.039622641509433974,-0.016981132075471705,-0.07924528301886795
1,0.5953492230913596,265,mem_4,22,0.604946524064171,0.6383508771929824,0.5325337837837838,0.6055657073245013,-0.016981132075471694,-0.019622641509433957,-0.007547169811320753,-0.00792452830188679,-0.009433962264150941,-0.02754716981132075,0.0033962264150943387
1,0.6972743957594345,795,mixed_4,22,0.7024493951371421,0.7016698635785096,0.6502468418759981,0.7347314824460882,-0.013207547169811318,-0.010188679245283017,-0.01283018867924528,-0.014968553459119493,-0.014591194968553456,-0.007169811320754715,-0.002138364779874213
1,0.5279020447637469,53,cognitive,23,0.5930735930735931,0.5328571428571429,0.45021645021645024,0.5354609929078015,0.03584905660377358,0.00377358490566036,0.03584905660377357,-0.02641509433962268,0.0075471698113207305,0.013207547169811307,0.0018867924528301716
1,0.6324478342320624,320,mem_4,23,0.7366747835497836,0.5735325552562952,0.6422726642318894,0.5773113338902812,0.0018750000000000212,-0.019687499999999976,-0.012499999999999978,-0.004687499999999983,0.00375000000000002,-0.008437499999999981,-0.021562499999999974
1,0.672242671667779,621,mixed_4,23,0.7401672925913281,0.6318445195557701,0.6442168035305289,0.6727420709934888,0.028019323671497558,0.015458937198067606,0.019001610305958105,0.017069243156199655,0.017552334943639274,0.023671497584541033,0.048631239935587746
1,0.4218584656084656,53,cognitive,24,0.028846153846153855,0.5214285714285715,0.4943019943019943,0.6428571428571428,-0.03962264150943395,0.0037735849056603765,-0.01132075471698113,-0.005660377358490565,-0.03962264150943395,-0.02264150943396226,0.009433962264150941
1,0.6243055417707234,222,mem_4,24,0.7005448945747452,0.5913075237399561,0.5454856361149111,0.6598841126532813,0.0144144144144144,0.003603603603603589,-0.004504504504504525,-0.006756756756756771,-0.009009009009009033,-0.012612612612612628,-0.001351351351351371
1,0.6001394066804994,383,mixed_4,24,0.5680644586894587,0.6007261060452549,0.5821729640222791,0.6495940979650047,-0.0062663185378589725,-0.00052219321148822,-0.005483028720626592,-0.009921671018276724,-0.016710182767624,-0.010443864229764977,0.003394255874673646
1,0.43624023825636726,53,cognitive,25,0.38636363636363635,0.4065934065934066,0.48533724340175954,0.4666666666666667,-0.007547169811320753,-0.02830188679245283,-0.02830188679245283,-0.009433962264150941,0.005660377358490565,-0.0018867924528301883,-0.03018867924528304
1,0.6134547634714371,683,mem_4,25,0.6234744596813562,0.5863177805800757,0.5836242250834527,0.6604025885408642,0.008491947291361634,-0.0019033674963396974,0.0020497803806734825,-0.015959004392386546,-0.002928257686676444,-0.0014641288433382305,0.0024890190336749494
1,0.5361862158298764,223,mixed_4,25,0.44298245614035087,0.5431077694235589,0.570068779169737,0.5885858585858587,-0.004932735426008977,0.0004484304932735383,-0.0008968609865470711,0.0094170403587444,0.014798206278026905,0.017040358744394617,-0.016591928251121074
1,0.3813145007166746,53,cognitive,26,0.38,0.29423076923076924,0.5231884057971015,0.3278388278388279,0.00566037735849056,-0.05283018867924531,0.018867924528301883,-0.02830188679245286,-0.007547169811320764,0.024528301886792447,-0.030188679245283033
1,0.6033264076731006,683,mem_4,26,0.577179704227456,0.6209911141490089,0.6270784021507262,0.5880564101652114,0.009077598828696937,-0.0016105417276720212,-0.0061493411420204865,-0.0001464128843338075,0.005563689604685224,0.015666178623718902,0.03806734992679357
1,0.5369362946355738,377,mixed_4,26,0.36172096317280455,0.5874810030395137,0.5959084084084083,0.6026348039215685,-0.0071618037135278475,-0.00742705570291774,-0.007427055702917751,0.0013262599469496372,-0.002122015915119324,-0.006100795755968136,0.005570291777188352
1,0.4895050647452843,53,cognitive,27,0.574468085106383,0.4267676767676768,0.43918918918918914,0.5175953079178885,0.043396226415094365,0.01886792452830189,0.013207547169811323,0.01886792452830189,0.02075471698113208,0.0339622641509434,0.10566037735849058
1,0.5561579708154384,718,mem_4,27,0.6604823586609251,0.5247466059140784,0.5405971760873345,0.49880574259941557,0.013509749303621161,0.003760445682451247,0.011699164345403894,0.003342618384401097,0.008217270194986071,0.00835654596100278,0.003342618384401108
1,0.628303322969793,395,mixed_4,27,0.6520815326995102,0.59054350475262,0.6010871206401933,0.6695011337868482,-0.00202531645569618,-0.007088607594936669,2.2204460492503132e-17,2.2204460492503132e-17,-0.0030379746835442643,-0.007088607594936669,0.003037974683544353
1,0.591264324076824,53,cognitive,28,0.9230769230769231,0.6,0.394345238095238,0.44763513513513514,-0.022641509433962266,0.016981132075471694,0.005660377358490565,-0.015094339622641506,0.01132075471698113,-0.03962264150943396,-0.04339622641509436
1,0.5788948280120505,558,mem_4,28,0.5517564033189033,0.5373721785758823,0.6121008279124778,0.6143499022409386,0.02741935483870968,0.01792114695340502,0.012186379928315427,0.011290322580645168,0.003405017921146958,0.01971326164874553,0.04372759856630824
1,0.41872846236852646,253,mixed_4,28,0.12250996015936252,0.5733122362869199,0.4787234042553191,0.5003682487725042,-0.013833992094861669,-0.0015810276679841917,-0.004743083003952575,-0.01185770750988142,-0.015019762845849804,-0.014229249011857703,-0.014229249011857714
1,0.3920408788515406,53,cognitive,29,0.5784313725490196,0.290922619047619,0.4321428571428571,0.2666666666666667,0.041509433962264156,0.0679245283018868,0.02264150943396226,0.028301886792452824,0.015094339622641511,0.009433962264150941,0.02075471698113207
1,0.6271287982301086,582,mem_4,29,0.583207141850965,0.679016232169208,0.6133497294638464,0.6329420894364148,0.012714776632302378,0.014261168384879707,0.006185567010309268,0.008762886597938124,0.012714776632302388,0.0025773195876288403,0.009278350515463902
1,0.6213267505881821,248,mixed_4,29,0.45535714285714285,0.6706942846183352,0.7525368248772505,0.60671875,-0.004838709677419351,0.0,-0.004838709677419351,0.000806451612903225,-0.005645161290322576,-0.002822580645161288,-0.013306451612903215
1,0.5359589335395787,53,cognitive,30,0.5333333333333333,0.5366300366300366,0.5857771260997068,0.488095238095238,-0.0056603773584905925,-0.05283018867924533,-0.04150943396226419,-0.04150943396226419,-0.050943396226415125,-0.024528301886792486,-0.016981132075471733
1,0.6937254218869675,532,mem_4,30,0.5975228901980267,0.7700497998839022,0.7919338825234122,0.6153951149425287,0.007330827067669188,0.009398496240601517,0.013345864661654156,0.023684210526315815,0.0020676691729323514,-0.004699248120300726,0.01597744360902257
1,0.546709339393968,141,mixed_4,30,0.5985294117647059,0.5383211678832116,0.5480769230769231,0.5019098548510313,0.0,-0.0063829787234042645,0.0,0.002127659574468088,0.0007092198581560294,-0.005673758865248235,-0.002127659574468088
1,0.59032431192692,53,cognitive,31,0.44680851063829785,0.7489177489177489,0.5043988269794721,0.6611721611721612,0.005660377358490587,-0.04339622641509433,-0.028301886792452817,-0.009433962264150931,-0.0018867924528301716,0.0056603773584905925,-0.015094339622641489
1,0.6201137739831812,622,mem_4,31,0.6168322695268803,0.61468992248062,0.6463761737089201,0.6025567302163046,0.007556270096463047,-0.002733118971061066,0.005144694533762079,-0.001607717041800616,-0.006109324758842421,-0.0022508038585208833,0.031189710610932498
1,0.5283695053784557,123,mixed_4,31,0.5713286713286714,0.4501100513573001,0.556345009914078,0.5356942889137737,0.0016260162601625995,0.034959349593495934,0.007317073170731714,0.030081300813008128,0.01951219512195123,-0.0024390243902439046,0.030894308943089432
1,0.5301085472120164,53,cognitive,32,0.413265306122449,0.4871794871794872,0.5594202898550724,0.6605691056910569,-0.013207547169811318,0.0018867924528301883,-0.013207547169811318,0.016981132075471694,0.016981132075471694,0.05094339622641508,0.07169811320754715
1,0.5903847231733207,534,mem_4,32,0.6130736714975845,0.5869198694706308,0.5874773682082651,0.5740679835168024,0.006367041198501877,0.0024344569288389517,-0.007490636704119846,0.005992509363295889,5.551115123125783e-18,0.016479400749063667,0.005805243445692887
1,0.5138784413484121,257,mixed_4,32,0.5474464060529634,0.44177679882525694,0.5478397839783979,0.51845077653703,0.005058365758754846,0.004280155642023331,0.01361867704280153,-0.005447470817120636,0.005058365758754835,-0.0058365758754863935,-0.00972762645914399
1,0.5459715269086358,53,cognitive,33,0.625,0.45,0.6372549019607843,0.4716312056737589,0.030188679245283012,0.0,0.007547169811320753,0.015094339622641506,0.013207547169811318,0.04339622641509434,0.07924528301886793
1,0.5927325548120378,596,mem_4,33,0.5970034439927734,0.619720475669765,0.6011481640506973,0.5530581355349157,0.005704697986577157,-0.00016778523489934248,0.006040268456375819,0.0036912751677852075,0.004865771812080516,-0.0003355704697986739,0.008724832214765077
1,0.5674548602966091,53,cognitive,34,0.9907407407407408,0.41020114942528735,0.425,0.44387755102040816,-0.0037735849056603488,-0.011320754716981112,-0.04150943396226414,0.016981132075471722,-0.015094339622641489,-0.058490566037735836,-0.02641509433962263
1,0.5138410944923906,579,mem_4,34,0.46311026434865443,0.5546209227152512,0.4798370304561481,0.5577961604495083,0.006217616580310864,-0.017789291882556152,0.005699481865284956,-0.012089810017271163,0.0036269430051813325,0.01122625215889464,0.013298791018998269
1,0.6824645483193278,53,cognitive,35,0.8627450980392157,0.546875,0.6035714285714285,0.7166666666666667,-0.018867924528301883,0.0018867924528301883,0.04150943396226414,0.02264150943396226,-0.03396226415094339,0.04339622641509433,0.04528301886792452
1,0.7764871885242517,156,mem_4,35,0.7872746553552493,0.7444663598509753,0.7831035923141186,0.7911041465766634,0.01794871794871795,0.03205128205128206,0.02051282051282053,0.03205128205128206,-0.0012820512820512775,-0.03717948717948718,0.007692307692307698
1,0.3965524721882756,53,cognitive,36,0.4125,0.47058823529411764,0.42672413793103453,0.2763975155279503,-0.04716981132075475,0.03584905660377358,-0.009433962264150959,0.0320754716981132,-0.03962264150943399,0.03584905660377358,-0.043396226415094365
1,0.6153984430151982,133,mem_4,36,0.6790633608815427,0.5457471264367816,0.6466472303206998,0.5901360544217688,-0.006766917293233083,-0.014285714285714285,-0.018045112781954885,-0.012030075187969924,-0.004511278195488721,-0.004511278195488721,0.025563909774436087
1,0.49732093040468217,53,cognitive,37,0.4509803921568627,0.5158730158730158,0.45535714285714285,0.5670731707317073,-0.08301886792452833,0.007547169811320753,-0.04905660377358493,-0.039622641509433974,-0.0037735849056603765,-0.03773584905660378,-0.02075471698113208
1,0.7007649895992031,148,mem_4,37,0.778623188405797,0.6229784366576819,0.6322916666666666,0.7691666666666667,0.027027027027027046,0.012162162162162172,0.02094594594594596,0.016891891891891903,0.012162162162162166,0.011486486486486498,0.032432432432432434
1,0.4392279027924808,53,cognitive,38,0.45999999999999996,0.34068627450980393,0.4515669515669516,0.5046583850931676,-0.028301886792452824,-0.015094339622641506,0.030188679245283047,-0.00566037735849056,0.03962264150943398,-0.04150943396226414,-0.028301886792452817
1,0.5991738343996849,155,mem_4,38,0.7145913564398803,0.6201727642276422,0.5711904761904762,0.4907407407407407,-2.2204460492503132e-17,0.01032258064516126,0.0025806451612902905,0.01806451612903224,0.0032258064516128837,0.01290322580645159,0.0019354838709677135
1,0.45139054272181206,53,cognitive,39,0.5098039215686274,0.4652014652014652,0.4218266253869969,0.40873015873015883,0.05094339622641508,0.05094339622641508,0.05471698113207546,0.047169811320754707,0.013207547169811295,-0.0018867924528302104,0.030188679245283005
1,0.655479164034211,71,mem_4,39,0.6616541353383458,0.6757884972170686,0.7514124293785311,0.5330615942028986,-0.004225352112676056,1.1102230246251566e-17,-0.02816901408450704,-0.014084507042253525,0.005633802816901406,-0.008450704225352112,0.004225352112676056
1,0.44449621156277497,53,cognitive,40,0.5277777777777778,0.443859649122807,0.43188854489164086,0.37445887445887444,0.030188679245283012,0.09433962264150941,0.058490566037735836,0.05283018867924527,0.060377358490566024,0.039622641509433947,0.03584905660377357
1,0.529033105332594,68,mem_4,40,0.47905477980665945,0.41033434650455924,0.6189655172413794,0.6077777777777778,-0.0161764705882353,-0.03088235294117648,-0.0323529411764706,0.023529411764705885,0.013235294117647062,0.0,0.016176470588235292
1,0.37919846357346354,53,cognitive,41,0.5375,0.35714285714285715,0.5163817663817664,0.10576923076923078,0.013207547169811323,0.04339622641509434,-0.0018867924528301883,0.015094339622641511,-0.026415094339622636,0.030188679245283012,-0.016981132075471694
1,0.7630990641333734,60,mem_4,41,0.7816711590296497,0.7886710239651417,0.7790507364975451,0.7030033370411569,0.019999999999999962,-0.016666666666666698,0.008333333333333304,0.018333333333333302,-0.001666666666666683,0.059999999999999956,0.09999999999999996
1,0.5270624161256579,53,cognitive,42,0.45035460992907805,0.5029761904761905,0.478448275862069,0.6764705882352942,0.018867924528301883,0.028301886792452824,0.018867924528301883,0.024528301886792447,0.02264150943396226,0.0,0.015094339622641506
1,0.46604245273759615,58,mem_4,42,0.4907407407407408,0.5498866213151927,0.44056372549019607,0.3829787234042553,0.003448275862068978,-0.006896551724137922,0.017241379310344834,0.031034482758620703,0.0017241379310344918,-0.005172413793103447,-0.022413793103448272
1,0.45701309550933605,53,cognitive,43,0.26530612244897955,0.6736842105263158,0.4471428571428572,0.4419191919191919,-0.0018867924528301883,0.0188679245283019,-0.01132075471698113,0.041509433962264156,-0.007547169811320753,-0.04150943396226414,-0.016981132075471687
1,0.5264954070606619,72,mem_4,43,0.6619883040935672,0.4810951760104303,0.4758800521512386,0.48701809598741147,0.00972222222222222,0.020833333333333322,0.029166666666666657,0.0013888888888888896,0.006944444444444442,0.041666666666666644,-0.04305555555555557
1,0.39556249932189785,53,cognitive,44,0.33673469387755106,0.4491228070175439,0.44285714285714284,0.35353535353535354,-0.030188679245283005,-0.018867924528301876,-0.05283018867924527,-0.0075471698113207366,-0.013207547169811307,-0.0056603773584905535,0.024528301886792486
1,0.44778975060883125,69,mem_4,44,0.2828125,0.45219435736677116,0.4777310924369748,0.578421052631579,0.05362318840579707,0.039130434782608664,0.07246376811594202,0.04637681159420287,0.0579710144927536,0.04637681159420287,0.09855072463768115
1,0.5772049675392699,53,cognitive,45,0.6739864864864864,0.7468253968253968,0.37790697674418605,0.51010101010101,0.024528301886792454,0.03773584905660377,0.015094339622641506,0.02075471698113207,0.03207547169811321,0.060377358490566045,0.14150943396226418
1,0.5015293225480283,61,mem_4,45,0.4365079365079365,0.4023809523809524,0.6382428940568475,0.5289855072463768,-0.03114754098360655,-0.008196721311475414,-0.029508196721311476,-0.05409836065573771,-0.029508196721311476,-0.04590163934426229,-0.04918032786885246
1,0.5331152374526178,53,cognitive,46,0.5392156862745099,0.42736486486486486,0.572857142857143,0.5930232558139535,0.03396226415094339,0.013207547169811318,0.033962264150943396,0.01132075471698113,-0.02264150943396226,-0.04528301886792452,-0.003773584905660371
1,0.6137523411131509,77,mem_4,46,0.7641025641025642,0.5349462365591398,0.6631326949384405,0.492827868852459,0.012987012987012964,-0.01818181818181818,0.0038961038961038753,0.04285714285714283,-0.01558441558441559,0.02207792207792205,0.016883116883116854
1,0.4487237237237237,53,cognitive,47,0.4236111111111111,0.41666666666666663,0.40878378378378377,0.5458333333333333,0.03396226415094339,0.01132075471698113,0.04339622641509433,0.016981132075471694,-0.0037735849056603765,-0.041509433962264156,0.015094339622641501
1,0.48667657617506793,78,mem_4,47,0.3972403776325345,0.5280423280423281,0.5044117647058823,0.5170118343195267,0.005128205128205149,0.023076923076923096,0.0012820512820512996,-0.021794871794871773,0.04871794871794875,0.03205128205128208,0.06282051282051286
1,0.392124809854803,53,cognitive,48,0.4117647058823529,0.48141891891891886,0.2985714285714286,0.3767441860465116,0.0018867924528301993,0.045283018867924574,-0.003773584905660371,0.032075471698113235,0.01698113207547173,0.0716981132075472,-0.05660377358490565
1,0.6104075405747934,63,mem_4,48,0.9508196721311475,0.4753846153846154,0.5706997084548104,0.44472616632860035,-0.02857142857142857,0.009523809523809523,-0.020634920634920634,-0.026984126984126982,-0.0031746031746031746,-0.026984126984126982,0.019047619047619046
1,0.4006037306173692,53,cognitive,49,0.5328282828282829,0.36875,0.46554252199413493,0.23529411764705882,0.026415094339622646,-0.0018867924528301883,-0.02075471698113207,-0.05283018867924527,-0.03584905660377358,-0.0811320754716981,-0.0962264150943396
1,0.5215156787201123,76,mem_4,49,0.5348484848484849,0.5255411255411255,0.49808429118773945,0.527588813303099,-0.00921052631578947,0.01578947368421053,-0.003947368421052627,-0.03815789473684209,5.551115123125783e-18,0.02105263157894737,5.551115123125783e-18
1,0.46700746909015056,53,cognitive,50,0.39716312056737585,0.6454248366013072,0.40624999999999994,0.4191919191919192,-0.024528301886792468,0.009433962264150936,-0.03018867924528304,-0.04150943396226418,0.009433962264150936,0.024528301886792447,0.04528301886792451
1,0.48570310969759656,78,mem_4,50,0.4407894736842105,0.5844155844155844,0.41926851025869755,0.49833887043189373,0.008974358974358993,0.021794871794871808,-0.002564102564102555,0.008974358974358988,0.00897435897435898,0.014102564102564113,0.04102564102564103
1,0.49685842513259904,53,cognitive,51,0.5488372093023256,0.5017543859649123,0.4368421052631579,0.5000000000000001,-0.01132075471698113,-0.009433962264150938,-0.02264150943396226,-0.009433962264150941,5.551115123125783e-18,-0.022641509433962252,-0.04528301886792452
1,0.6443965456280727,50,mem_4,51,0.8775510204081632,0.49523809523809526,0.6600985221674877,0.5446985446985446,-0.025999999999999985,-0.01999999999999999,-0.007999999999999974,0.01600000000000002,0.014000000000000012,0.040000000000000015,0.10000000000000002
1,0.673762025012025,53,cognitive,52,0.9907407407407408,0.5628787878787879,0.5164285714285713,0.625,-0.0320754716981132,0.007547169811320753,-0.016981132075471694,0.030188679245283012,0.0018867924528301883,0.0037735849056603765,-0.03962264150943395
1,0.6715494791666667,76,mem_4,52,0.8593749999999999,0.66796875,0.6186755952380952,0.5401785714285714,-0.009210526315789447,-0.010526315789473667,0.021052631578947385,0.006578947368421068,-0.022368421052631555,-0.011842105263157866,-0.06578947368421051
1,0.2844233435535279,53,cognitive,53,0.18367346938775508,0.31346153846153846,0.3621700879765396,0.2783882783882784,-0.00566037735849057,0.037735849056603765,0.01132075471698113,0.005660377358490565,-0.018867924528301893,0.026415094339622636,-0.009433962264150964
1,0.5010961214790428,75,mem_4,53,0.5186567164179104,0.5550351288056206,0.4718181818181818,0.4588744588744589,-0.0053333333333333175,0.016000000000000025,0.018666666666666692,0.016000000000000014,-0.015999999999999993,0.030666666666666693,0.04000000000000002
1,0.5983373860024064,68,mem_4,54,0.5612244897959184,0.6448275862068966,0.6825396825396826,0.5047577854671281,-0.011764705882352944,-0.04264705882352942,-0.00735294117647059,-0.026470588235294124,0.014705882352941175,-0.01470588235294118,-0.010294117647058825
1,0.3926643739298217,77,mem_4,55,0.3116438356164384,0.44533527696793,0.4097796143250689,0.40389876880984954,-0.022077922077922085,-0.03116883116883118,-0.03376623376623378,-0.04675324675324677,-0.037662337662337675,-0.03376623376623378,-0.023376623376623388
1,0.7253757752425063,201,mem_4,AU0903,0.6696739474517253,0.5592517694641052,0.6750526315789473,0.9975247524752475,-0.02039800995024873,-0.009950248756218888,-0.006467661691542265,-0.00348258706467659,-0.020895522388059678,0.002985074626865691,0.0393034825870647
1,0.6905652628597868,209,mem_4,Ak1804,0.6055494100294986,0.5339204174820613,0.6251721763085399,0.9976190476190477,-0.004784688995215313,-0.01578947368421052,0.005263157894736831,-0.011483253588516752,0.02822966507177032,0.04688995215311003,0.06411483253588515
1,0.5539795055236232,77,mem_4,IJ0305,0.5176470588235295,0.4378205128205128,0.7004504504504504,0.56,0.018181818181818188,0.0051948051948051965,0.009090909090909094,-0.0025974025974025983,0.010389610389610393,0.01428571428571429,0.0038961038961038974
1,0.7450637799775189,193,mem_4,Lea,0.9974226804123711,0.7758658008658009,0.7486333052985704,0.4583333333333333,0.0051813471502590415,-0.00725388601036272,-0.005181347150259086,-0.00362694300518136,-0.005181347150259086,-0.013471502590673612,-0.00725388601036272
1,0.6153205233259096,209,mem_4,MB2410,0.6430430430430429,0.5429028504944735,0.6262977382276604,0.6490384615384616,-0.007655502392344448,-0.0028708133971291462,-0.017224880382775087,-0.021531100478468835,0.005263157894736903,0.01052631578947375,0.0497607655502393
1,0.7137643912636936,93,mem_4,NG,0.5921814671814671,0.5842872008324662,0.6839080459770115,0.9946808510638298,-0.01720430107526889,-0.0010752688172043334,-0.006451612903225856,-0.004301075268817267,-0.009677419354838767,-0.005376344086021567,0.036559139784946196
1,0.44601267421400614,148,mem_4,PD1907,0.3982220196033736,0.42133620689655166,0.4054373522458629,0.5590551181102362,-0.008108108108108095,0.004729729729729742,0.006081081081081088,0.005405405405405417,-0.04797297297297295,0.003378378378378388,-0.007432432432432415
1,0.5946123040288425,209,mem_4,P_10848,0.3953323903818953,0.5094367015098722,0.4760610766045549,0.9976190476190476,0.009569377990430616,0.0009569377990430672,0.0028708133971292018,0.003827751196172269,0.0038277511961722576,0.007655502392344504,0.007177033492822981
1,0.617235603931535,149,mem_4,an1312,0.5070488721804511,0.6444197256210604,0.5868802106186924,0.730593607305936,0.004026845637583931,0.0006711409395973478,-0.010067114093959717,0.006040268456375864,0.012751677852349031,0.004697986577181235,0.023489932885906107
1,0.6673384066048815,209,mem_4,do2205,0.5598571428571428,0.520618556701031,0.5912588792423046,0.9976190476190476,0.0033492822966507295,-0.0071770334928229484,0.01196172248803829,-0.012440191387559784,-0.0033492822966507017,0.015311004784689015,-0.002870813397129174
1,0.6560271762669887,93,mem_4,katost,0.9946808510638298,0.6071428571428572,0.5593220338983051,0.46296296296296297,0.01505376344086018,-0.025806451612903247,-0.019354838709677424,-0.05053763440860219,-0.0032258064516129,-0.0053763440860215336,0.013978494623655895
1,0.6856071849763093,173,mem_4,km0610,0.6506756756756757,0.5986820957891353,0.49594453165881736,0.9971264367816091,-0.0046242774566474295,-0.0034682080924855587,-0.019075144508670573,-0.015606936416185024,-0.02080924855491334,0.001734104046242746,-0.012716763005780396
1,0.5981684027777778,24,mem_4,kma25,0.6015625,0.45,0.3611111111111111,0.98,-0.03333333333333334,0.0375,-0.008333333333333337,-8.326672684688674e-18,0.016666666666666663,0.07083333333333335,-0.09166666666666665
1,0.609763625694983,165,mem_4,mJ2510,0.6171875,0.5216176470588236,0.8063469166967184,0.49390243902439024,-0.019393939393939342,0.009696969696969732,0.007272727272727308,-0.018181818181818153,-0.004242424242424203,0.013939393939393974,-0.017575757575757557
1,0.7084863183779259,101,mem_4,madu,0.6244047619047619,0.6459558823529412,0.5684865900383143,0.9950980392156862,-0.023762376237623683,-0.003960396039603908,0.013861386138613884,-0.008910891089108863,-0.004950495049504877,0.023762376237623804,0.13069306930693073
1,0.7441681362519157,85,mem_4,mg1504,0.769927536231884,0.53125,0.6813089622641509,0.9941860465116279,-0.051764705882352935,-0.01529411764705882,1.1102230246251566e-17,-0.01999999999999999,-0.03411764705882352,-0.03647058823529411,0.012941176470588234
1,0.7250992934337829,101,mem_4,mk0309,0.9349999999999999,0.6246069182389937,0.5705882352941176,0.7702020202020202,-0.009900990099009932,-0.023762376237623783,-0.01881188118811884,-0.0029702970297030063,0.0019801980198019264,0.056435643564356375,0.06732673267326728
1,0.7605771886219277,101,mem_4,snowboardzistka,0.5314553990610329,0.5206572769953052,0.9950980392156863,0.9950980392156863,-0.008910891089108886,0.002970297029702973,2.2204460492503132e-17,0.002970297029702973,0.01980198019801982,0.04851485148514856,-0.0019801980198019486
1,0.8394047440588253,157,mem_4,st0704,0.7644781144781145,0.8,0.7963054187192117,0.9968354430379747,-0.008917197452229297,-0.0031847133757961776,-0.022292993630573243,-0.008917197452229297,-0.001273885350318471,0.02420382165605095,0.049044585987261136
1,0.8521385799828914,209,mem_4,wp3004,0.7075848303393215,0.7057313943541489,0.9976190476190476,0.9976190476190476,-0.008612440191387582,-0.01100478468899524,0.0004784688995215114,-0.013397129186602907,-0.024401913875598112,-0.018181818181818223,-0.0019138755980861455
