fold,score,n_sample,source,sub_name,accuracy_train,accuracy_test,feature_importance T-3,feature_importance T-2,feature_importance T-1
0,0.6306412337662338,8,same,1,0,0,0.03208705357142858,0.019709821428571472,0.0
0,0.6101568874685289,369,same,1,0,1,0.0175599791444227,0.0009895709544403331,-0.013795214674464451
0,0.6306412337662338,8,same,1,1,0,0.024832589285714312,0.014821428571428619,0.0
0,0.6027037303565567,369,same,1,1,1,-0.0014356242973331712,-0.0001090416025435359,-0.008936612784466058
1,0.5134299124788255,22,same,2,0,0,0.018254223131940507,0.04234824957651042,-0.030643704121964987
1,0.56629126880693,324,same,2,0,1,0.0038090627383910113,0.022991603433277098,0.04165873052865663
1,0.4483901515151515,22,same,2,1,0,0.0054575451722190475,-5.034820252213246e-05,-0.04577298607189914
1,0.5607017077195632,324,same,2,1,1,-0.0039618253816531505,0.025768424322611505,0.03281935964081486
2,0.7696218134122134,50,same,3,0,0,0.021650644447530277,0.043031675745250034,0.06335115764382875
2,0.7113313535204699,327,same,3,0,1,0.07656361609205767,0.03488062615839508,0.029628246783810753
2,0.774931111145952,50,same,3,1,0,0.03250985908535249,0.014734352508854454,0.10811116747896085
2,0.7084425839572245,327,same,3,1,1,0.09725829040580222,0.022241428139737018,0.030041584579647885
3,0.6555803571428571,19,same,4,0,0,0.0032589285714285654,0.02327380952380952,0.0
3,0.6823954817169251,232,same,4,0,1,-0.014772162518328746,-0.0016088872456096026,0.00028774757394184336
3,0.5996279761904761,19,same,4,1,0,-0.023511904761904755,-0.0316220238095238,0.0
3,0.7023759982205602,232,same,4,1,1,0.007306244588904132,-0.005802315425854865,-0.0010415197876924131
4,0.7758578431372549,17,same,5,0,0,0.0,0.0,0.0
4,0.8613336702191208,360,same,5,0,1,0.01378466958839324,-0.0005839877789958426,0.039293719825223526
4,0.7758578431372549,17,same,5,1,0,0.0,0.0,0.0
4,0.8626724727856019,360,same,5,1,1,0.015664299022811634,-0.003299652660650998,0.03878532666940747
5,0.453125,5,same,6,0,0,-0.024999999999999977,0.0,-0.02916666666666664
5,0.5366493981926619,372,same,6,0,1,0.011409919045410938,0.01379420246179044,-0.0008892143483031467
5,0.49479166666666663,5,same,6,1,0,-0.059374999999999976,0.0,-0.057291666666666644
5,0.596893456827568,372,same,6,1,1,0.0409475980832887,0.05686926429220547,0.013060541999420815
6,0.5627741228070174,19,same,7,0,0,0.04845159774436083,-0.0006171679197995994,0.0
6,0.5812051818917141,358,same,7,0,1,-0.004419277229135687,0.030239315529975032,0.0007402374986970939
6,0.5383693609022556,19,same,7,1,0,-0.006072211779448644,-0.023980263157894734,0.0
6,0.6445612459098087,358,same,7,1,1,0.08562887295521153,0.0031919186132538966,0.005475500126108401
7,0.4421611019886882,26,same,8,0,0,0.0012808109833971793,-0.009101133461047257,0.004972883597883582
7,0.5436642175321813,351,same,8,0,1,-0.003992077368716052,0.04826986521572844,0.008167466196609153
7,0.4347235905856595,26,same,8,1,0,0.019806102900930454,-0.0162375136836344,-0.009755017332603578
7,0.5260370822251872,351,same,8,1,1,-0.015624211356983575,0.04014160214885652,-0.02470545453646058
8,0.4000350140056022,14,same,9,0,0,0.06587009803921569,0.003037464985994387,0.027553104575163384
8,0.5417325043793546,363,same,9,0,1,0.018104721636840394,-0.007715912219995768,0.030326368661766155
8,0.3932364612511671,14,same,9,1,0,-0.0036998132586367914,-0.0045751633986928055,-0.004280462184873951
8,0.5987768514870105,363,same,9,1,1,0.024115273950358496,0.03577991717100508,0.03401533910541714
9,0.6522240415582807,62,same,10,0,0,0.05766039189272889,0.10865143511882644,0.024129467050662746
9,0.4842619380825476,299,same,10,0,1,0.004852662037478095,-0.01448538621773438,-0.011469948188989821
9,0.5335208797844668,62,same,10,1,0,-0.0017771235909821992,0.03397535435578923,-0.04820755029994152
9,0.49708920888351094,299,same,10,1,1,0.012640086079972862,-0.0037022182801255076,0.0013967316567601474
10,0.592249503968254,29,same,11,0,0,-0.03726934523809518,0.0022654872134039604,0.026622299382716118
10,0.5610723098105512,348,same,11,0,1,-0.02376299991145725,0.012130094221930853,0.05505894750088312
10,0.6300085427689595,29,same,11,1,0,0.025264274691358047,0.00491154100529102,0.028340773809523823
10,0.6118679909338056,348,same,11,1,1,0.027999139849343012,0.038783525898904214,0.04359181894449223
11,0.5707834928229665,19,same,12,0,0,-0.012885765550239259,0.03323165869218492,0.0
11,0.5829890682543686,358,same,12,0,1,-0.014649516879623747,-0.04007575718591161,0.022100780299872624
11,0.5362805688463583,19,same,12,1,0,-0.03008871610845295,0.01875398724082935,0.0
11,0.6053926285762314,358,same,12,1,1,-0.01649571769920464,-0.009671455845044719,0.005623013442976677
12,0.3897499754033845,18,same,13,0,0,-0.02113808539944903,-0.006289108618654049,-0.017069620720188895
12,0.6162925921492395,351,same,13,0,1,0.02099769953070547,0.014877123154586858,0.0977718393483393
12,0.3719555539157812,18,same,13,1,0,-0.044383362849271926,-0.02655315328610782,-0.022472882231404943
12,0.6995783315495363,351,same,13,1,1,0.021124767831979373,0.023327181679970888,0.15478431353760555
13,0.4636363636363636,10,same,14,0,0,0.0,-0.000815850815850816,-0.053496503496503534
13,0.6036017263796959,367,same,14,0,1,-0.006058014164379144,-0.015043623615725154,-0.00554914848587762
13,0.48636363636363633,10,same,14,1,0,0.0,-0.0038461538461538546,-0.010314685314685329
13,0.638559233015902,367,same,14,1,1,-0.01705480179582002,-0.01608457859408825,0.02676975787445013
14,0.5390681230319389,17,same,15,0,0,0.0,0.0,0.014749353351327049
14,0.5593827192686296,341,same,15,0,1,0.002666637220302459,-0.02399439532130936,0.026745758351006836
14,0.5432432242465137,17,same,15,1,0,0.0,0.0,0.021429515294646855
14,0.5393116525734727,341,same,15,1,1,-0.011722280316410072,-0.02907454927733232,0.02393130750571144
15,0.5061965811965812,19,same,16,0,0,0.024899267399267417,0.012087912087912073,0.0
15,0.5597116535018081,358,same,16,0,1,-0.008460168608289676,0.03271161535078264,0.014546653718702085
15,0.49551282051282053,19,same,16,1,0,0.0056776556776556965,0.007164224664224683,0.0
15,0.5860890772660146,358,same,16,1,1,0.002007146637459578,0.010441775723896717,0.009412227136310403
16,0.596978021978022,14,same,17,0,0,-0.016163766788766798,0.03660790598290597,0.05215888278388277
16,0.5926190650848673,355,same,17,0,1,0.031666984503654384,0.03626733900674996,0.027016175935100327
16,0.5841956654456655,14,same,17,1,0,-0.024639041514041504,0.016378968253968295,0.060958485958485985
16,0.577540489760418,355,same,17,1,1,0.0001666605527860132,-0.021927201701970135,0.03000456832918077
17,0.4767145135566188,19,same,18,0,0,0.011279904306220102,0.03952352472089314,-0.0918062200956938
17,0.5604479514520406,358,same,18,0,1,0.0014788798524966729,0.0025652087161740058,-0.020330300847730586
17,0.3778309409888358,19,same,18,1,0,0.010578149920255209,-0.06589712918660282,-0.08997009569377984
17,0.550230625022045,358,same,18,1,1,-0.011434873057057204,0.011131978264317211,-0.02573856801924603
18,0.5484133748196248,33,same,19,0,0,-0.004843090936840949,0.03549377705627705,0.09805635336885338
18,0.6101114698259572,320,same,19,0,1,-0.0009673115111846319,0.0028234012267093654,0.1321710108877862
18,0.5802118194305694,33,same,19,1,0,-0.0010932504995004976,0.012226714257964255,0.10493520368520368
18,0.650035042400539,320,same,19,1,1,0.008083647421624308,0.0012883018816960523,0.15666761541468993
19,0.5617236382039014,37,same,20,0,0,0.021879984051036673,0.0353620337995338,-0.045999915654520905
19,0.5742065244293718,332,same,20,0,1,0.02084777936371358,-0.0025645477907003,0.032197198917392984
19,0.5496277297264138,37,same,20,1,0,0.02486389706784431,0.029736573733284165,-0.025861665746534267
19,0.5742329642634368,332,same,20,1,1,0.00032123585455515744,-0.007695800282599563,0.04688548881986548
20,0.6970991776838854,30,same,21,0,0,0.04604425060197176,0.02612012175730325,-0.007297260460678701
20,0.6033450244021515,347,same,21,0,1,-0.024232762415802057,0.013405455543667876,-0.04095621484764487
20,0.6916746172368362,30,same,21,1,0,0.042607332697287816,-0.0007748398528008238,-0.005598337195038794
20,0.6701234929581821,347,same,21,1,1,0.055689732049740245,0.009398728782891896,-0.02687328563811281
21,0.44907165256135506,37,same,22,0,0,-0.04002999648880655,0.005933886648989606,-0.07445098252878576
21,0.5830529157481703,332,same,22,0,1,0.02196461131726215,0.050318530460122045,0.031701144886286114
21,0.42352045572869373,37,same,22,1,0,-0.03534330996573558,0.005555737169009528,-0.08674506314094413
21,0.5572567833367463,332,same,22,1,1,0.017967345670976586,0.029504130292413045,0.016344810816168932
22,0.35347230679711494,20,same,23,0,0,-0.008614570224224998,-0.03485798184007906,-0.05903812128716224
22,0.5656691050252918,357,same,23,0,1,-0.006584358479973085,0.021264032404304155,-0.020097265967804735
22,0.4196173155252439,20,same,23,1,0,0.034307475405621145,0.0112196376134995,0.00043176328502415596
22,0.5617078101670154,357,same,23,1,1,-0.0014807210147457118,0.02335959949477222,-0.02582765736259034
23,0.4723626373626374,11,same,24,0,0,0.10180769230769231,0.01215384615384616,0.0
23,0.6500655934424144,366,same,24,0,1,-0.011624883874050218,0.01954489084008344,-0.0019831224312588103
23,0.4181318681318681,11,same,24,1,0,0.05946153846153842,-0.011571428571428588,0.0
23,0.6549760208053022,366,same,24,1,1,0.0019790132209552835,0.004002640246596067,-0.01841845930318049
24,0.4312866055513114,19,same,25,0,0,0.02930624522536283,-0.012519257703081255,-0.008605646804176281
24,0.6228044330757785,329,same,25,0,1,-0.014776425933459413,0.005481240753448957,0.08662208086269249
24,0.4524541634835752,19,same,25,1,0,-0.005907021899669018,0.0174103959765724,-0.039308155080213965
24,0.6776606091937298,329,same,25,1,1,0.015088359321014577,0.006524138188364992,0.08861364063529321
25,0.40584415584415584,8,same,26,0,0,-0.012142857142857167,-0.00922077922077924,-0.0338961038961039
25,0.5504802247487087,369,same,26,0,1,-0.013755311335469289,-0.007638292391770019,0.015487551161707202
25,0.41883116883116883,8,same,26,1,0,-0.01772727272727273,0.0007142857142857006,0.007077922077922067
25,0.6044784365074938,369,same,26,1,1,0.024187715990060255,0.03675908146852562,0.019009544152074155
26,0.37598534719742804,32,same,27,0,0,-0.08703604305615265,-0.07796035400823692,-0.05541889883843833
26,0.5542045992357424,345,same,27,0,1,0.024999616019335515,0.043700103432801916,-0.0016656959891752643
26,0.4187986750193698,32,same,27,1,0,-0.021968345336245504,-0.0005557937567652937,-0.04127892462235941
26,0.5848178826307682,345,same,27,1,1,0.03162350060682241,0.04877921258271013,0.002994786520272319
27,0.6904126670431019,39,same,28,0,0,-0.015182923960097816,-0.022837262375305766,0.04500164690382088
27,0.6461128774253271,325,same,28,0,1,0.014831150635945844,-0.010519309292013357,0.044085690862038604
27,0.6920360436664785,39,same,28,1,0,-0.01653597308488606,-0.022242024280067683,0.043973508375682355
27,0.6206252736424267,325,same,28,1,1,-0.007313019884547689,-0.013745852189502528,0.017626958062321042
28,0.7094951923076923,10,same,29,0,0,-0.016458333333333332,0.0,0.0
28,0.7295680737210465,351,same,29,0,1,0.007541192350954051,-0.06185530026264687,0.03145038836460595
28,0.7094951923076923,10,same,29,1,0,-0.016458333333333332,0.0,0.0
28,0.796870965681381,351,same,29,1,1,0.023875254775686063,-0.0005878540944180943,0.14273507903594934
29,0.5016233766233765,13,same,30,0,0,0.0,0.0,0.0
29,0.6209515932671138,364,same,30,0,1,0.021099167964734943,0.058380832443533336,0.014018147323407837
29,0.5016233766233765,13,same,30,1,0,0.0,0.0,0.0
29,0.6238252308065836,364,same,30,1,1,0.010603360211767032,0.05618808022166821,0.013269334495581797
30,0.5106604747162022,16,same,31,0,0,-0.08535397316821468,-0.02854179566563473,0.011751289989680025
30,0.6146753876787975,361,same,31,0,1,0.014413696912925277,0.004323856962153727,0.0897639414972509
30,0.46944272445820434,16,same,31,1,0,-0.09884932920536635,-0.05490608875128996,0.004560371517027856
30,0.654630210526466,361,same,31,1,1,0.039304097020267624,0.033201598781980646,0.1039073865198485
31,0.550865800865801,9,same,32,0,0,0.05336399711399724,0.010173160173160205,0.02454004329004339
31,0.5533111006480254,360,same,32,0,1,-0.007261347559185738,-0.007249744716845119,0.02730544453934608
31,0.5637626262626263,9,same,32,1,0,0.06387987012987015,0.01592712842712844,0.03148448773448774
31,0.5701406857386065,360,same,32,1,1,-0.013527009012030444,0.007512875349341341,0.03155085370907619
32,0.4296197266785502,14,same,33,0,0,-0.01694592988710638,0.033223410576351746,-0.0009969442322383614
32,0.682589974838565,363,same,33,0,1,0.05208025914473624,0.08508934423746754,0.126306347595427
32,0.4810627281215517,14,same,33,1,0,0.007211187505305222,0.04758424581954,0.036504116798234516
32,0.6878258906616126,363,same,33,1,1,0.01199586084934009,0.04206871008844727,0.12075109605445282
33,0.48717612044817926,18,same,34,0,0,-0.019462535014005643,0.011413690476190447,0.05428483893557423
33,0.648308770877509,359,same,34,0,1,0.01958006541013545,0.014912094449454127,0.1359928258988063
33,0.553125,18,same,34,1,0,-0.016467086834733923,-0.006401435574229719,0.09497636554621845
33,0.635933316894566,359,same,34,1,1,0.019920765872224876,-0.005732727521226111,0.11849297775101189
34,0.4441358024691358,23,same,35,0,0,-0.02306013431013428,-0.0374171584588251,-0.046213709130375806
34,0.6281348070454386,354,same,35,0,1,0.04993086870680306,0.0634202883150885,0.09178665608522799
34,0.49411036494369825,23,same,35,1,0,-0.026897808981142367,0.014934964726631366,-0.001957502374169073
34,0.6103215373989967,354,same,35,1,1,0.01421307811231145,0.028514218871290263,0.06084772534468443
35,0.6713589440862168,18,same,36,0,0,0.016329882238973137,-0.010403989949444548,0.009652721016357346
35,0.6854144320196623,359,same,36,0,1,0.046904829853474786,0.09691463903209,0.12827116990622078
35,0.6911522820613729,18,same,36,1,0,0.004257611075792855,0.0021629885266248317,0.047272929091110874
35,0.6761886930724014,359,same,36,1,1,0.015050933377308617,0.031102347134072107,0.10515884484713678
36,0.4722222222222222,8,same,37,0,0,0.002272727272727304,-0.018939393939393933,0.027777777777777783
36,0.5455218993263234,369,same,37,0,1,0.009970719429194475,0.04841592109798926,0.010211011625994516
36,0.49999999999999994,8,same,37,1,0,0.00808080808080805,-0.01919191919191925,0.016414141414141388
36,0.5298150599089089,369,same,37,1,1,-0.002612417491280594,0.02828597358970731,-0.008646426090997727
37,0.4332989926739927,19,same,38,0,0,0.0,-0.02654532967032964,0.006931089743589747
37,0.687134767221597,358,same,38,0,1,0.012880129773490545,-0.0003553787113280582,0.16386467110881986
37,0.49163232600732604,19,same,38,1,0,0.0,0.02595467032967035,0.006931089743589747
37,0.6787475776209565,358,same,38,1,1,0.011861775945222908,0.004797709470399147,0.16145671607162454
38,0.545078755854618,77,same,39,0,0,-0.029642763712447562,0.04774668990545433,-0.01825800423501569
38,0.5766585945093039,300,same,39,0,1,-0.006775760188910307,0.02825957148862961,-0.010316430502534557
38,0.5793456596617516,77,same,39,1,0,0.0013448111328858148,0.034591643323683516,0.017692143159097107
38,0.6146550541873834,300,same,39,1,1,-0.019715624937803843,0.06697649442115078,-0.0031163900010105494
39,0.7241387085137085,19,same,40,0,0,0.017813176406926458,0.01712662337662336,0.03704117063492063
39,0.7396433203647874,350,same,40,0,1,-0.009868392151336247,-0.004146038712256739,0.011905753154050814
39,0.731286075036075,19,same,40,1,0,-0.0013020833333333703,0.0022208694083694414,0.0177703373015873
39,0.7527790729422906,350,same,40,1,1,-0.015327114877935043,-0.005107568775640436,0.014824734847208431
40,0.545028409090909,15,same,41,0,0,-0.020710227272727377,0.037911931818181734,0.014322916666666564
40,0.5190390555912079,354,same,41,0,1,-0.013872991379693528,-0.012348253360877554,-0.00692684325777807
40,0.5398200757575757,15,same,41,1,0,0.006628787878787878,0.08488162878787878,-0.005525568181818197
40,0.5908986525233978,354,same,41,1,1,0.038497296211811624,0.01537203244518256,0.028732839594180624
41,0.5154583885138984,36,same,42,0,0,0.00457563795853268,-0.04728202608794717,-0.03950845366256554
41,0.6876814750575649,341,same,42,0,1,0.047153635775961045,0.05932439211246583,0.06811090952014595
41,0.5272204499174072,36,same,42,1,0,-0.022986051421166463,-0.032631837406014955,0.014047279064137691
41,0.7034938436465298,341,same,42,1,1,0.014603922147419336,0.06763555804475621,0.11418770294166028
42,0.5888278388278388,21,same,43,0,0,0.00858516483516485,0.007371794871794868,-0.014010989010989017
42,0.6240947330310296,356,same,43,0,1,-0.010388719148360325,0.010850968593756949,-0.0018812858179916513
42,0.5739468864468865,21,same,43,1,0,-0.016552197802197754,0.007371794871794912,-0.016506410256410208
42,0.7309318798790788,356,same,43,1,1,0.008235506261278247,0.1060449556401252,0.00035035188551076903
43,0.6058485941298442,35,same,44,0,0,-0.0158746246246246,0.062130523380523404,0.06081025221650225
43,0.6169834468317196,342,same,44,0,1,-0.014779171390275648,-0.020999360721119676,0.04901891235705839
43,0.6281666711354212,35,same,44,1,0,0.004004138066638152,0.013634728478478575,0.05593899703274714
43,0.6154186116423834,342,same,44,1,1,-0.022307416484188426,-0.03619316204977942,0.06743452200614622
44,0.4741344975490196,16,same,45,0,0,0.0,0.04071798406862745,-0.037083180147058824
44,0.6307307669047246,353,same,45,0,1,0.0018713796859862186,0.06159949674449459,-0.020749951690596912
44,0.44589920343137257,16,same,45,1,0,0.0,0.007028033088235341,-0.02629672181372546
44,0.6396327615088786,353,same,45,1,1,0.013369376456859861,0.05335814483274839,-0.0015609511436176615
45,0.6781669095875845,28,same,46,0,0,0.025447356439848877,0.048799176207805925,0.006008641262333259
45,0.4798578881949133,317,same,46,0,1,-0.04697878118718668,-0.009119127477156297,0.02084863902976164
45,0.6016868489643014,28,same,46,1,0,-0.0009077908863404538,-0.009409641057607365,-0.006461681134975384
45,0.4894004279364605,317,same,46,1,1,-0.01783497108668152,-0.021084778302499208,-0.0016231645044842368
46,0.8547070147285665,28,same,47,0,0,0.10030488847837989,0.040031899972632755,0.1987385399562124
46,0.7469384013966485,333,same,47,0,1,0.021797982510030435,0.030264011511608978,0.09866614829638133
46,0.8932785365975021,28,same,47,1,0,0.05497349573319399,0.07889917493904562,0.158318561228044
46,0.7727514300183217,333,same,47,1,1,0.036404921621108186,0.05150705990108245,0.10700306497025185
47,0.44281250000000005,22,same,48,0,0,-0.029184027777777743,-0.016211805555555504,-0.056364583333333274
47,0.571994255690552,355,same,48,0,1,0.033854537765180284,0.030736279203242244,0.052229187036803994
47,0.5190625,22,same,48,1,0,0.02563541666666666,-0.0058854166666666655,0.03131597222222221
47,0.562087031822613,355,same,48,1,1,0.024795354510956304,0.019340037733607617,0.03704058356691976
48,0.37003968253968256,13,same,49,0,0,-0.01964285714285712,-0.012946428571428548,0.004384920634920653
48,0.6372878146562724,348,same,49,0,1,-0.011327349498567141,0.024894013652636826,0.09908989666443553
48,0.4521329365079365,13,same,49,1,0,0.02191468253968255,0.0755059523809524,0.036041666666666666
48,0.65553001794884,348,same,49,1,1,-0.005626732827853575,0.01571598921262758,0.09405523198549562
49,0.5358196491008991,14,same,50,0,0,-0.044511738261738265,0.02788063499000999,0.01899811126373626
49,0.5488403808490128,363,same,50,0,1,-0.015468566848653142,-0.004823083385999361,0.05062301110255467
49,0.585719749000999,14,same,50,1,0,-0.006537837162837151,0.03262698239260741,0.015926651473526475
49,0.577852370117758,363,same,50,1,1,-0.0012311337312142512,0.00748061597115951,0.07033865914766166
50,0.5139779596048946,37,same,51,0,0,-0.04082913023508997,-0.01732229328978554,-0.03227851869492737
50,0.7014197914932347,340,same,51,0,1,-0.016905711170944672,0.009297342078363736,0.004190066732372888
50,0.5743877510518378,37,same,51,1,0,0.005946179078919101,-0.016415047800496674,-0.03500542929722491
50,0.7242905803559307,340,same,51,1,1,-0.005413630743679176,0.005064376528251935,0.003434472575151992
51,0.6651976495726496,25,same,52,0,0,0.10860698755435601,0.10741452991452993,0.11687509371719895
51,0.6060409601902678,352,same,52,0,1,-0.007228275162479347,0.039942736807074275,0.08405039215863377
51,0.5825475146198831,25,same,52,1,0,0.007223346828610056,0.008776240815714542,0.014042116509221814
51,0.6439932705237097,352,same,52,1,1,-0.023280000057673833,0.029540307027474722,0.12194048517827856
52,0.9061841238471673,21,same,53,0,0,0.032637681159420194,0.02813339920948611,0.11581949934123845
52,0.9148800470718851,324,same,53,0,1,0.013318234420393139,0.031110777623059405,0.11801533542136586
52,0.906618906455863,21,same,53,1,0,0.023095191040843177,0.053209815546771996,0.0766686429512516
52,0.9159181837240569,324,same,53,1,1,0.006217686760432972,0.06114996373425946,0.06467089057791052
53,0.44722951680672274,15,same,54,0,0,-0.011591094771241778,-0.009747753267973785,-0.045967699579831885
53,0.5153339101816411,362,same,54,0,1,-0.020023121986501347,0.005690499502462964,-0.006257260898364236
53,0.4371600723622783,15,same,54,1,0,-0.05304534313725486,3.486811391227862e-05,-0.07016237745098038
53,0.5420970188151397,362,same,54,1,1,-0.0006270076558006932,0.0039082369889195,0.018848297846083793
54,0.6531468531468532,12,same,55,0,0,-0.040477855477855484,0.05043123543123547,0.037062937062937104
54,0.5705205304542421,365,same,55,0,1,0.007693713243537781,0.028586783322804864,0.023102841194047506
54,0.6622377622377622,12,same,55,1,0,0.003298368298368326,0.028916083916083902,0.04855477855477856
54,0.5922776237651627,365,same,55,1,1,0.019608743366743776,0.04510285430683275,0.005943745021909685
55,0.5456730769230769,11,same,56,0,0,-0.03277972027972033,0.024207042957042908,0.023161213786213764
55,0.5483048947613713,366,same,56,0,1,0.0210494030474229,-0.007715715112356125,0.007738064413000689
55,0.540365884115884,11,same,56,1,0,-0.05384615384615392,-0.00016858141858151489,0.014444930069930018
55,0.5396766662051142,366,same,56,1,1,-0.0060425073420784185,0.0001397289813625524,0.016033850311412856
56,0.43744322466748936,15,same,57,0,0,0.05233871520636226,0.005124027320718494,-0.011753350815850827
56,0.547346112274079,362,same,57,0,1,-0.04757421687513617,0.042166327209228346,-0.01343986179178518
56,0.41288628650761,15,same,57,1,0,0.015162655971479472,0.01541364579048401,-0.048158979500891284
56,0.5473406369009468,362,same,57,1,1,-0.03494350673475235,0.027208904963969598,-0.02485794391007633
57,0.5460627317728711,17,same,58,0,0,-0.06921326475934501,0.07984721975834871,-0.028977463961293026
57,0.5063232533706095,360,same,58,0,1,-0.03662686752788029,-0.02384477339727171,-0.057321215000009064
57,0.6320058134589868,17,same,58,1,0,0.02046035772608632,0.1092340757153063,-0.020342390498709652
57,0.5832090347939924,360,same,58,1,1,0.03341739576562482,0.007578877749131652,-0.009579666406801347
58,0.8650921658986175,28,same,59,0,0,0.0,0.0,0.0
58,0.9943161525974026,349,same,59,0,1,0.0,0.0,0.0
58,0.8650921658986175,28,same,59,1,0,0.0,0.0,0.0
58,0.9928916396103895,349,same,59,1,1,0.0,0.0,0.0
59,0.47868589743589746,13,same,60,0,0,0.007612179487179516,0.0,0.007612179487179516
59,0.5925558421080764,364,same,60,0,1,0.008831369303791126,0.0350160079838648,0.05278272968522381
59,0.46322115384615387,13,same,60,1,0,0.010096153846153866,0.0,0.010096153846153866
59,0.5780622031533527,364,same,60,1,1,-0.03975987054533877,0.007818678595686435,0.03282839169937879
60,0.7864583333333333,21,same,61,0,0,-0.011931818181818276,0.01950757575757569,-0.014583333333333426
60,0.6170827158627485,356,same,61,0,1,0.005183305579021602,0.032411784326256333,0.09392215051053333
60,0.8290719696969697,21,same,61,1,0,-0.005303030303030298,-0.008238636363636342,-0.013446969696969702
60,0.6064171658701624,356,same,61,1,1,-0.009589631124895248,0.019099090204124237,0.08454804147567231
61,0.4697420634920635,15,same,62,0,0,-0.01860615079365082,-0.021552579365079344,0.057770337301587295
61,0.5612506294249392,362,same,62,0,1,0.0046662344044208996,0.0352697132486852,0.026866374769662547
61,0.4665178571428571,15,same,62,1,0,-0.05088789682539687,-0.027043650793650807,-0.0013169642857143228
61,0.5335282658983846,362,same,62,1,1,-0.030139683180002253,0.025709519132493586,0.015242930039534896
62,0.4511336936090226,18,same,63,0,0,0.030890507518797038,0.03011865601503765,-0.040881500626566335
62,0.604875001433435,351,same,63,0,1,0.017668527342799934,0.010755316437798635,0.09354942509559608
62,0.47003250313283207,18,same,63,1,0,0.038603148496240566,0.04907581453634084,0.021760651629072647
62,0.6232942964252233,351,same,63,1,1,-0.009704803483927483,0.005668515456393819,0.11016668603594335
63,0.6825650838808733,43,same,64,0,0,0.03058284788547948,0.07812130269367111,0.09673474226105802
63,0.712675699126916,309,same,64,0,1,0.0164448519147121,0.029126251992912723,0.12566073483971385
63,0.6857010205694416,43,same,64,1,0,0.027435706383074798,0.03252346801688908,0.07653788186682918
63,0.7369438687060292,309,same,64,1,1,0.009803097290709228,-0.0006278445592623139,0.1177501220347251
64,0.5800193923723336,16,same,65,0,0,0.033102564102564125,0.02759965524671411,0.022864684335272556
64,0.6406478568212564,345,same,65,0,1,0.011123023334334802,0.028032743594767817,0.09592641164223416
64,0.5707821590174531,16,same,65,1,0,0.04201335918982978,0.014743589743589736,0.014163542340012946
64,0.6556868711992981,345,same,65,1,1,0.019327247105845248,0.020185290605428653,0.10924679524910866
65,0.4931795634920635,6,same,66,0,0,-0.008060515873015905,-0.017162698412698442,-0.07323908730158729
65,0.6054236769234218,347,same,66,0,1,0.046032403549458346,0.02843813029551103,0.05568177822254535
65,0.6062748015873016,6,same,66,1,0,-0.0015128968253968367,0.0029761904761904877,0.044196428571428616
65,0.5882595796626588,347,same,66,1,1,0.017667211667348703,0.0163489606270948,0.0694342047158743
66,0.5367144543002387,14,same,67,0,0,0.033627061935885535,0.028831439983400826,0.0024475762527233547
66,0.6333326335039086,363,same,67,0,1,0.032456358461492106,0.046088472965788704,0.11162329203398189
66,0.5549671257391846,14,same,67,1,0,0.025968072414150882,0.010088572466023482,0.023834001193069852
66,0.6635885056156451,363,same,67,1,1,-0.014239157521967593,0.018598693005105506,0.14365159881029527
67,0.5076837019986231,41,same,68,0,0,-0.026538556394187653,0.04242477667199694,-0.008595817192929817
67,0.5221581458150266,312,same,68,0,1,-0.0048959806017972955,-0.008384062808528858,0.01666039251637494
67,0.49642063957881744,41,same,68,1,0,0.005732118093129524,0.005233303132782996,-0.04474180296230158
67,0.5135375259595535,312,same,68,1,1,-0.013112276831442022,-0.00818859751479376,0.010058906523405775
68,0.6675484841245711,33,same,69,0,0,0.013533869512130425,0.01922431433301003,0.04685761098804584
68,0.7213939542219806,309,same,69,0,1,0.036858298966151296,-0.01636520445403069,0.09702367693569405
68,0.6699693724150246,33,same,69,1,0,0.044662191673061256,0.06727249200075289,0.030843854213419487
68,0.7098688665840047,309,same,69,1,1,0.04227519319833271,0.014770784199935971,0.0764000238463407
69,0.5766369047619048,16,same,70,0,0,0.0375403025793651,0.0849857390873016,-0.004389880952380959
69,0.6224671584593016,353,same,70,0,1,0.004680597753663984,0.05242409792065804,0.0620541359751237
69,0.5243675595238095,16,same,70,1,0,-0.016992187500000006,0.051236979166666696,0.010348462301587336
69,0.6196318794002875,353,same,70,1,1,0.004583836383542117,0.05187482212271501,0.08938042445516084
70,0.7029064685314685,13,same,71,0,0,0.0,0.009455128205128204,0.016251456876456894
70,0.755961673550647,364,same,71,0,1,0.006270705586901337,-0.0063738464775166094,-0.011958204047241605
70,0.6980987762237763,13,same,71,1,0,0.0,0.006672494172494181,0.01748980186480188
70,0.7575803730343846,364,same,71,1,1,0.005716612701183843,-0.005512665562076436,-0.01438756850833366
71,0.5072916666666667,7,same,72,0,0,-0.001041666666666652,0.05062500000000003,0.024340277777777808
71,0.5786442419678713,370,same,72,0,1,-0.05802643424723464,0.03453620687743064,0.03826527948404519
71,0.6302083333333334,7,same,72,1,0,0.05930555555555558,0.012083333333333368,0.14295138888888895
71,0.6141978625462206,370,same,72,1,1,-0.008604141659255504,0.0066848119335734865,0.057098644965900405
72,0.5897832491582492,28,same,73,0,0,0.03292718855218857,0.018587211399711433,0.03434388528138533
72,0.5873770167361562,349,same,73,0,1,-0.04632487451665709,-0.01536449406264948,-0.004736594084173595
72,0.5647982804232804,28,same,73,1,0,0.025732774170274125,-0.020643488455988512,-0.02360660173160175
72,0.5669080212557479,349,same,73,1,1,-0.06315308638212945,-0.021709017966269284,0.025235935032044153
73,0.7799338819075661,28,same,74,0,0,0.04508769739032892,0.05826022661548972,0.18855317927686344
73,0.7000981645076352,333,same,74,0,1,0.0826086880284282,-0.01410338441114134,0.07595836864504654
73,0.6760794030530872,28,same,74,1,0,-0.011155292076344758,0.04449419002050577,0.04663124156545205
73,0.7412533501374189,333,same,74,1,1,0.06781580438310551,0.029702935455560707,0.04998294485386366
74,0.5943073830409358,40,same,75,0,0,0.06265881375112474,0.002731175143387432,0.021961772168803507
74,0.6045346976123053,337,same,75,0,1,-0.005164076260934148,0.0393299101086512,0.07140703256723029
74,0.5644193868083671,40,same,75,1,0,0.03926114590362128,-0.0026817311206702166,0.039977066815677045
74,0.6219229478299757,337,same,75,1,1,-0.017150805185003937,0.018245994434412282,0.09223340825367703
75,0.38206845238095233,4,same,76,0,0,-0.05059523809523814,-0.21034226190476196,0.026190476190476163
75,0.6240740710798734,373,same,76,0,1,-0.007218417947269529,-0.01742018138198904,0.08794669313120838
75,0.480282738095238,4,same,76,1,0,-0.014880952380952422,-0.11279761904761909,0.05535714285714284
75,0.6251065537522711,373,same,76,1,1,-0.003471414670537176,0.009428775320548899,0.06229913011960884
76,0.44704321946169767,26,same,77,0,0,-0.0669301386013343,-0.02174595985737295,-0.01057985392224527
76,0.5588758012803906,351,same,77,0,1,0.010899823683689091,-0.009001957789225922,-0.004880805488795969
76,0.509643863584081,26,same,77,1,0,-0.03933783356337704,-0.004873691626408999,0.013186536691971517
76,0.5811474430388994,351,same,77,1,1,0.014285433383808221,0.021924912192940526,0.01253731582561396
77,0.5095238095238095,18,same,78,0,0,-0.00880952380952384,-0.006904761904761941,-0.034761904761904786
77,0.6032048007058279,343,same,78,0,1,0.01629010653648837,-0.019762927560830444,0.11142512187053008
77,0.5119047619047619,18,same,78,1,0,0.007142857142857123,-0.001428571428571429,-0.03190476190476194
77,0.6790600426051652,343,same,78,1,1,0.03002171994638527,0.014438919403082251,0.14979472201961536
78,0.493489325947181,38,same,79,0,0,0.0336681993596896,0.0275578305170306,0.005127376255380162
78,0.5087510185068023,339,same,79,0,1,-0.024537010893686075,-0.007856076986316718,0.0034871580788747246
78,0.469087358520644,38,same,79,1,0,0.002243512208406351,0.015850284287156548,0.002730520019660926
78,0.5282805475949661,339,same,79,1,1,-0.006009175103852149,0.019569312345145213,-0.004561406751361597
79,0.5506053278318903,36,same,80,0,0,-0.004075402462121213,-0.04914464962121214,0.0320599465638528
79,0.6611057905891157,325,same,80,0,1,-0.00640590822529149,-0.010283930195141155,0.12451313696710264
79,0.565282343524531,36,same,80,1,0,0.00360371009199133,-0.014898719336219368,0.05200433464105336
79,0.6404112769666357,325,same,80,1,1,0.005035852342867619,0.004087777041288432,0.04186571406583735
80,0.6294642857142857,18,same,81,0,0,-0.01579365079365077,0.017757936507936455,0.046924603174603154
80,0.7483172848209055,324,same,81,0,1,0.020088742623159173,0.006501244195526323,0.0850109931214699
80,0.6568452380952381,18,same,81,1,0,-0.0034821428571428447,0.038095238095238106,0.0655654761904762
80,0.7473871319101728,324,same,81,1,1,0.00963718501263323,0.007928353526610055,0.08448658944191906
81,0.7902504105090311,29,same,82,0,0,0.03449986316365614,0.0428448275862068,0.09791940339354122
81,0.814021181876913,320,same,82,0,1,0.06956161297225491,0.10097357231595416,0.10053954636086834
81,0.8513820470717022,29,same,82,1,0,0.03827586206896544,0.0600389983579638,0.13264573070607544
81,0.8351514161790432,320,same,82,1,1,0.02104990049977191,0.039188752615499145,0.10650165625401793
82,0.7231616436100132,22,same,83,0,0,0.06091989871541507,0.014209692028985565,0.09672266139657451
82,0.8157477122595724,347,same,83,0,1,0.029034227965833558,0.09705946803130458,0.17161930928955518
82,0.7404479578392622,22,same,83,1,0,0.03587399127140979,0.014257040513834019,0.11208930335968381
82,0.8200836461058068,347,same,83,1,1,-0.010615314533049414,0.03236296997090391,0.14869914834981912
83,0.5275297619047619,7,same,84,0,0,0.0,0.0,0.04441964285714285
83,0.5609205303298312,362,same,84,0,1,0.017156593068709224,-0.003993972464159679,0.027396185454110867
83,0.5275297619047619,7,same,84,1,0,0.0,0.0,0.04441964285714284
83,0.5585195599659856,362,same,84,1,1,0.017657320341825246,-0.001280781840460321,0.021285285065797233
84,0.4855113636363636,19,same,85,0,0,-0.025359848484848478,-0.016287878787878834,-0.011950757575757587
84,0.597371385415687,358,same,85,0,1,0.01695291296395416,0.02047214491628262,0.029397854464412333
84,0.5129734848484848,19,same,85,1,0,0.0099431818181818,0.010719696969696945,-0.013693181818181854
84,0.605703537761154,358,same,85,1,1,0.022214396300587545,0.03209945900805217,0.03828542128978749
85,0.6005578559926387,25,same,86,0,0,-0.06329724522659297,-0.059703099838969334,0.06199562916954228
85,0.6016271719932367,344,same,86,0,1,-0.01794404012894042,0.010151869570692551,0.06108978438346487
85,0.6384000460087416,25,same,86,1,0,-0.05489432367149768,-0.040652605244996656,0.062024959742350935
85,0.6337267225240356,344,same,86,1,1,-0.01755467698999752,0.018171758323056897,0.10447185561009864
86,0.6255797101449275,21,same,87,0,0,0.0,0.0,0.04125541125541128
86,0.8112764878107372,348,same,87,0,1,0.0009092870051059743,-0.007829660210141165,0.02714543662684895
86,0.6272030867683042,21,same,87,1,0,0.0,0.0,0.04645021645021643
86,0.8242267387644581,348,same,87,1,1,-0.0013115727587703519,-0.010564499426173313,0.029173133003006602
87,0.871875,7,same,88,0,0,0.0,0.0,0.0
87,0.8174683341899579,370,same,88,0,1,0.0,0.0,-3.992385768361029e-05
87,0.871875,7,same,88,1,0,0.0,0.0,0.0
87,0.8167258086195408,370,same,88,1,1,0.0,0.0,2.6920098613758547e-05
88,0.6767550505050505,16,same,89,0,0,-0.012983585858585911,0.048517676767676696,0.0497184343434343
88,0.709906017680016,361,same,89,0,1,0.021648517696847235,0.07980061311655694,0.08684788611913612
88,0.6994823232323233,16,same,89,1,0,0.02539015151515157,0.026154040404040436,0.06465530303030308
88,0.749901066832543,361,same,89,1,1,0.027717131537780028,0.06162274789220148,0.11279370571667904
89,0.5084325396825398,11,same,90,0,0,-0.029283043345543262,0.008371489621489692,-0.0697630494505494
89,0.6809996054634087,366,same,90,0,1,-0.013290806377821518,-0.009338939707201588,0.046842973557369105
89,0.4923687423687424,11,same,90,1,0,-0.04047809829059825,-0.020428876678876644,-0.08793688949938949
89,0.7308261687284519,366,same,90,1,1,-0.010246358292002867,0.007671506963508512,0.06262385716775941
90,0.502488443277917,37,same,91,0,0,-0.0023442832653358947,0.016329354322775387,0.013832553470711401
90,0.7022559373282465,340,same,91,0,1,-5.276152831508174e-05,0.08730004954772487,0.12710752988727508
90,0.5017159227685544,37,same,91,1,0,-0.023390623719571076,0.012673772706667447,-0.012938183497394017
90,0.7024116589008658,340,same,91,1,1,-0.011995196363000582,0.05146585212325137,0.14857693504527314
91,0.3757440476190476,15,same,92,0,0,-0.07693452380952381,-0.17498511904761901,-0.0321875
91,0.6797465597434795,346,same,92,0,1,0.025333031187327958,0.03895801004791945,0.10657794122668698
91,0.5912202380952382,15,same,92,1,0,0.03255952380952389,-0.022544642857142794,0.07119047619047628
91,0.7163382037694004,346,same,92,1,1,0.01005761567159722,0.01959335782590843,0.1264595738559096
92,0.5145833333333334,7,same,93,0,0,-0.0019642857142857075,0.02235119047619053,0.015297619047619098
92,0.5892204799947609,362,same,93,0,1,-0.006461275490512919,0.04724468758610416,-0.010804963387892575
92,0.3991071428571429,7,same,93,1,0,-0.03833333333333333,-0.013958333333333333,-0.0070238095238095155
92,0.635199902982015,362,same,93,1,1,0.015753603919161686,0.05832686169199203,0.0074938565684511405
93,0.573045183982684,13,same,94,0,0,0.0,0.0,0.0
93,0.6768303416486777,345,same,94,0,1,-0.012419812763876648,0.0249976665986018,0.08965105334956636
93,0.573045183982684,13,same,94,1,0,0.0,0.0,0.0
93,0.6835111364624611,345,same,94,1,1,0.010069845722411241,0.025893386081163962,0.11284229733129711
94,0.5290972222222221,23,same,95,0,0,0.012127976190476087,0.01998015873015868,0.00820734126984123
94,0.5135483413845272,354,same,95,0,1,-0.006717359169110887,0.0064143566967289675,-0.010923577317999107
94,0.5120535714285713,23,same,95,1,0,0.00922321428571421,0.012103174603174515,0.0006716269841269163
94,0.5102574058943554,354,same,95,1,1,-0.011468875979107163,0.00594789907865742,-0.01777008808855738
95,0.3951861047449283,20,same,96,0,0,-0.04937690985485098,-0.0892310712163653,-0.039763708513708466
95,0.5204870105039141,357,same,96,0,1,-0.0030879533389774226,0.014921597136618359,0.0006915300845189099
95,0.4439033189033189,20,same,96,1,0,-0.019038865546218482,-0.016817863509039976,-0.009535480859010247
95,0.5433105708512221,357,same,96,1,1,0.02392839893854799,0.002562581731321434,0.03597206839520221
96,0.5648656898656899,14,same,97,0,0,0.0,0.006684218559218547,0.029740537240537202
96,0.5696911920245211,363,same,97,0,1,0.005212000344948698,-0.033534791396142384,0.010301137054583631
96,0.5686355311355311,14,same,97,1,0,0.0,0.014799297924297905,0.03190323565323565
96,0.5647762225844718,363,same,97,1,1,0.002214676016263917,-0.030814972166482314,0.011919806088135509
97,0.6497277061904885,184,same,98,0,0,-0.026445049473233607,-0.015267517595200375,0.04409960464327186
97,0.6481610988638555,185,same,98,0,1,0.024913178683425175,0.0133272123499656,0.06787114767539992
97,0.653245973761308,184,same,98,1,0,-0.007920639100789485,-0.018557475035648398,0.06549691061506793
97,0.6568974500926642,185,same,98,1,1,0.0027325074974559604,0.01113382775495656,0.10219126598677089
98,0.8699537490811076,53,same,99,0,0,0.0,0.0,0.0
98,0.6869871168999364,324,same,99,0,1,6.0196345859930835e-05,0.019026288112289614,0.0006577773839420598
98,0.8734914849301642,53,same,99,1,0,0.0,0.0,0.0
98,0.6871398260859978,324,same,99,1,1,0.0006137926088465306,0.017913047252852265,0.0009353982865031085
99,0.5266070352061731,33,same,100,0,0,0.03910702013503735,0.05435419178522627,-0.0016055331163090103
99,0.5447088261719039,344,same,100,0,1,0.011207639954221759,0.024112897271949436,0.013423142965792922
99,0.5177564604935294,33,same,100,1,0,-0.0067749226348365,0.05905671770757972,-0.00019334760067521995
99,0.5590035920630148,344,same,100,1,1,0.023134610589555016,0.021671063871516783,0.022053486365722158
100,0.4474821012321012,25,same,101,0,0,0.021690517815517812,0.014002289377289335,-0.06649209124209125
100,0.5761159128961449,328,same,101,0,1,-0.012040312567286982,-0.0010976812783244471,0.013145006649432533
100,0.40443931068931066,25,same,101,1,0,-0.010914960039960047,0.0033206376956376794,-0.09915034965034966
100,0.6425300602981291,328,same,101,1,1,0.024213275238892364,0.013624107038403577,0.09851980982484733
101,0.6512462274567538,26,same,102,0,0,0.01863761041589985,0.033207627898417344,0.0998141148325359
101,0.7204038818460904,343,same,102,0,1,0.02553989094172284,0.05055390063678257,0.1827644956021505
101,0.5952538645564962,26,same,102,1,0,-0.022043048398969377,0.006971816341553261,0.03597959146117047
101,0.7291918796240262,343,same,102,1,1,0.013975435970405037,0.020498028504672007,0.17854438084991495
102,0.6986983685174475,16,same,103,0,0,0.0,0.0,0.0
102,0.8530063488652875,361,same,103,0,1,-0.004829502356736959,-0.00022686918915960642,0.03210674765178958
102,0.6986983685174475,16,same,103,1,0,0.0,0.0,0.0
102,0.8474574525412515,361,same,103,1,1,-0.004417414444649026,0.0012761969563645948,0.03141908777907387
103,0.7484036796536796,12,same,104,0,0,0.017598755411255374,0.14401718073593067,0.0961546266233766
103,0.6905465315548608,357,same,104,0,1,0.017290898911428397,0.0754378349339629,0.06407825602060667
103,0.6655844155844156,12,same,104,1,0,-0.001377164502164452,0.056881087662337716,0.04603287337662341
103,0.758665118674272,357,same,104,1,1,0.03396140262916112,0.011035619478748704,0.061615450581295375
104,0.49999999999999994,10,same,105,0,0,0.0,0.01382575757575757,0.0
104,0.6059495490525653,367,same,105,0,1,0.029544833988391396,0.015360341916225284,0.0029739244850818026
104,0.4924242424242424,10,same,105,1,0,0.0,0.01382575757575757,0.0
104,0.5928963541158178,367,same,105,1,1,0.00964136037701635,0.015928564741671834,0.0020358212538622023
105,0.6372924648786717,26,same,106,0,0,-0.00810983397190298,-0.07717113665389529,0.020785440613026795
105,0.7250191070102568,351,same,106,0,1,0.012696116183565831,0.04670895190042386,0.12947358871823145
105,0.656449553001277,26,same,106,1,0,0.0029374201787994102,-0.03662196679438068,0.011845466155810891
105,0.7448941571383455,351,same,106,1,1,0.007772118062465161,0.024084180753825835,0.1118509534177365
106,0.5595816866956573,20,same,107,0,0,0.08910197339425288,0.028479323984838732,0.019674994123523637
106,0.5811318772725544,357,same,107,0,1,0.01666063247290659,0.02434585403048629,0.024446558792446605
106,0.5525756412704942,20,same,107,1,0,0.09670791524651819,0.024003707689369436,0.013009068137744583
106,0.5529011510944561,357,same,107,1,1,0.01633082646057129,0.0066148283743354686,-0.0017880135503015148
107,0.4283011175652305,30,same,108,0,0,-0.06666560925633505,-0.10105353316038797,-0.02097161910669973
107,0.7190748648723875,347,same,108,0,1,0.01737335093249448,0.11191672950440963,0.14156366021983396
107,0.5128575221821189,30,same,108,1,0,0.026604208963079856,-0.000303476765170374,-0.02454543104744724
107,0.7424171455338988,347,same,108,1,1,0.025639246849014787,0.04345815368807937,0.14552596772571752
108,0.5096017116524029,31,same,109,0,0,-0.05868032985690034,-0.09070102495582275,0.07740874038494854
108,0.6080518249786019,338,same,109,0,1,0.022944450631841872,0.053621203296041406,0.04378471867297701
108,0.5807477218391601,31,same,109,1,0,0.013812703561900175,-0.04930550707124952,0.087119164919788
108,0.6231858721967687,338,same,109,1,1,0.01620078014766857,0.02757758373347454,0.03517635036095117
109,0.42783038720538724,25,same,110,0,0,-0.03060079966329966,-0.011903409090909062,-0.050063131313131295
109,0.7862498819650823,343,same,110,0,1,0.04999882332310153,0.08112315445222502,0.13941691103545123
109,0.4173085016835017,25,same,110,1,0,-0.030409301346801358,-0.010929082491582493,-0.035359848484848466
109,0.7971158466177636,343,same,110,1,1,0.01435290906288732,0.01557071851803522,0.1311380187140904
110,0.6351375288018433,29,same,111,0,0,0.030837269585253412,0.11089962557603679,0.105129896313364
110,0.6150636889949519,348,same,111,0,1,-0.017110379251217923,0.022887107828966434,0.07092492495974269
110,0.6223235887096774,29,same,111,1,0,0.07112701612903223,0.05169182027649766,0.03591085829493087
110,0.6732367243862356,348,same,111,1,1,0.005100383196228642,0.020786912851615113,0.08774549169229814
111,0.41797488226059654,10,same,112,0,0,0.0027056277056277224,0.03743399457685174,0.014169164169164177
111,0.5680558307228843,367,same,112,0,1,0.017204308321938977,0.00911225006661417,0.03341917513174083
111,0.403406117691832,10,same,112,1,0,0.009695066837923993,0.03622567908282197,-0.012433994576851681
111,0.5752979932737835,367,same,112,1,1,0.022063878656380865,0.015120452400154616,0.03402198223707388
112,0.6825396825396826,5,same,113,0,0,0.0,0.02440476190476194,0.13531746031746034
112,0.5245952282601658,372,same,113,0,1,-0.02519342191945807,-0.019556139150825012,0.001921025296985679
112,0.6825396825396826,5,same,113,1,0,0.0,0.03591269841269847,0.12619047619047627
112,0.5276961934772393,372,same,113,1,1,-0.027202470262288402,-0.01625838864465191,0.009376690484383976
113,0.6020610754985755,17,same,114,0,0,-0.012650462962962971,0.018942307692307703,0.06382211538461538
113,0.571996342562346,352,same,114,0,1,-0.0015698637950850246,-0.00198724936038428,0.06699785073552841
113,0.6443064458689458,17,same,114,1,0,0.02400730056980054,0.015288461538461483,0.06379807692307692
113,0.5878937115778179,352,same,114,1,1,-0.0038197038598267287,-0.004081645605817153,0.08194497684099901
114,0.740954715219421,33,same,115,0,0,0.009684290382819793,0.02388044961574366,0.021600835847159328
114,0.6084519798469188,320,same,115,0,1,-0.08452516287579424,-0.06692534792782098,0.015392028409985093
114,0.7414799253034546,33,same,115,1,0,0.009906943546649338,0.02677628743805215,0.03333164996767929
114,0.6702843456228575,320,same,115,1,1,-0.07984322225741798,-0.07207032541987965,0.011679665419377571
115,0.5068073921692342,55,same,116,0,0,-0.030447430858615128,-0.08206487043658103,0.04864984795905842
115,0.5160206007224087,322,same,116,0,1,0.006731771991815877,0.0007654683570704979,0.0028284227892110547
115,0.49607568966121596,55,same,116,1,0,-0.049039047575231795,-0.052757303004013545,0.0071336558178663355
115,0.4907563063887155,322,same,116,1,1,-0.012401614538505024,-0.015817411735058483,-0.01602785369718541
116,0.6343391662685142,25,same,117,0,0,0.037867544593088144,0.06793438445612364,0.057705396958114406
116,0.5806066068727707,336,same,117,0,1,-0.023123257197431024,-0.015352642402301142,0.04921161327186832
116,0.49791119206880075,25,same,117,1,0,-0.04425878921802836,-0.014837951903169288,-0.0244582636566332
116,0.6169228033452171,336,same,117,1,1,-0.00044124385898813845,0.008473306297929094,0.05961567625315826
117,0.5122863247863247,12,same,118,0,0,0.0,-0.03670730311355312,-0.0076608287545787525
117,0.6647281634354695,365,same,118,0,1,0.015556509814157326,0.01560332221257461,0.03953150497438503
117,0.5699786324786325,12,same,118,1,0,0.0,-0.03350217490842492,0.05580070970695968
117,0.6372958546203008,365,same,118,1,1,0.006884330735156097,0.009976959677501129,0.024518546954994957
118,0.4804503367003367,17,same,119,0,0,0.022878787878787887,0.03317340067340067,-0.0063257575757575514
118,0.6043437296639712,360,same,119,0,1,0.00986029780596398,0.05444549068824136,0.016469885681869766
118,0.40216750841750837,17,same,119,1,0,0.002622053872053831,-0.001279461279461319,0.004175084175084154
118,0.5888240619107813,360,same,119,1,1,-0.018288478230079508,0.034280756264291626,0.015576475587248761
119,0.5714833254306939,38,same,120,0,0,-0.0362020218599166,0.0,-0.011849673560199881
119,0.8149880379436737,313,same,120,0,1,-0.013832527593613619,-0.011658450343899363,-0.00011166911644616695
119,0.5681612533586218,38,same,120,1,0,-0.03647229213018689,0.0,-0.010873697584223917
119,0.895156439612418,313,same,120,1,1,-0.013039870161685462,0.06444798301486195,-0.000443716315531606
120,0.6746395502645502,55,same,121,0,0,-0.028131317277869015,-8.734719941649871e-06,0.05939739554825761
120,0.535668175475676,322,same,121,0,1,-0.01841069828032016,-0.005454153861200406,0.023743726754845575
120,0.7079626208721037,55,same,121,1,0,0.024146939427111925,0.06432858967341731,0.03712634555738011
120,0.553737319697651,322,same,121,1,1,-0.005716517375835273,0.00031498244789536224,0.043543925377545076
121,0.467970513963161,22,same,122,0,0,0.05050401069518713,0.025748068924539493,-0.019193478906714266
121,0.6878279674345267,339,same,122,0,1,-0.00028188018420804983,0.050747623596659075,0.13371646815241264
121,0.4892517082590612,22,same,122,1,0,0.09148848781937019,-0.04354159239453353,0.023805035650623925
121,0.7121774142754291,339,same,122,1,1,0.015413761663955894,0.03719526976563455,0.1884444294293847
122,0.6478852370689655,28,same,123,0,0,0.038446479885057484,-0.010817169540229876,-0.03207255747126436
122,0.6667276266005383,333,same,123,0,1,0.02163532938725866,-0.02051724427311058,0.026728251978521522
122,0.6210084410919541,28,same,123,1,0,0.03632183908045985,-0.016179956896551682,-0.03507543103448272
122,0.7028139325671919,333,same,123,1,1,0.02839809130672293,0.020984927328774217,0.03493321386120353
123,0.3843963168791544,21,same,124,0,0,-0.03256381896770915,-0.03609707239112277,0.017952780501979553
123,0.5616555088859447,356,same,124,0,1,0.0021555107863549415,0.022281142968018596,0.015570690901773187
123,0.386890051214994,21,same,124,1,0,-0.015961570593149583,-0.023001017035342027,0.0021746394972939178
123,0.5413607488632961,356,same,124,1,1,-0.020057073241627654,0.011460047847446942,0.005929604343200989
124,0.46510416666666676,12,same,125,0,0,0.03903769841269846,0.013268849206349232,0.0
124,0.5579315865079191,365,same,125,0,1,0.0007772671344586646,0.02410820240576551,-0.02140293615425548
124,0.4817708333333334,12,same,125,1,0,0.04260912698412704,0.01326884920634922,0.0
124,0.537119484967596,365,same,125,1,1,-0.0032705654192604515,0.01676555035122585,-0.03443249258582034
125,0.5024131944444444,16,same,126,0,0,-0.03814149305555555,0.011293402777777767,0.01280902777777776
125,0.6174893718891845,361,same,126,0,1,0.021550800271745173,0.019570349290842993,-0.0010445094310792102
125,0.5185763888888889,16,same,126,1,0,-0.04118489583333333,0.031803819444444464,0.0015625000000000222
125,0.6370963636205997,361,same,126,1,1,0.010714286319410803,0.02762939991254414,0.024138399665808274
126,0.7767812525964699,39,same,127,0,0,0.027787493874450342,0.03342448744622654,0.11385548344787466
126,0.8348533267145892,338,same,127,0,1,0.018257967891905404,0.12195711816007378,0.08682376723932703
126,0.7716957958805786,39,same,127,1,0,0.0611816587903545,0.010799396940701344,0.11415922380596304
126,0.8108189208715281,338,same,127,1,1,0.007293610207403223,0.06441414749401385,0.05229717315751607
127,0.9368055555555556,17,same,128,0,0,0.0,0.0,0.0
127,0.8288906211471991,350,same,128,0,1,0.040791002108014715,-0.0005738400555281742,0.04264240592592359
127,0.9368055555555556,17,same,128,1,0,0.0,0.0,0.0
127,0.7759498141797657,350,same,128,1,1,-0.008588417372278867,-0.00011739604136914438,0.041510805985676594
128,0.4880077030812324,15,same,129,0,0,-0.020544467787114905,0.04873730742296913,-0.02104998249299723
128,0.5409892420706703,362,same,129,0,1,0.005263088820705253,0.016207230947757827,0.009942692719677237
128,0.5563725490196079,15,same,129,1,0,0.012036064425770331,0.08115152310924373,-0.009530374649859896
128,0.5689437761141247,362,same,129,1,1,0.00795039521869767,0.022663083142633534,0.044121708043055846
129,0.6878352732793522,17,same,130,0,0,0.0,0.0,0.0
129,0.8085740560180426,360,same,130,0,1,-0.012159720077169622,-0.0043153361623200605,-0.004603282460340174
129,0.6878352732793522,17,same,130,1,0,0.0,0.0,0.0
129,0.8063394224376368,360,same,130,1,1,-0.016693652391318713,-0.004344726034708224,-0.004459460986908648
130,0.5901182916348358,14,same,131,0,0,-0.004454139610389618,0.023082386363636326,0.07274458078686019
130,0.753863772565848,363,same,131,0,1,0.049222731294251455,0.0905336940771819,0.13530425939102025
130,0.581386673987777,14,same,131,1,0,0.002251838235294157,0.009912146676852607,0.03609983766233772
130,0.7433468712800443,363,same,131,1,1,-0.014660592368409608,0.060205475580246214,0.09806994055803239
131,0.48288352272727275,8,same,132,0,0,0.026058238636363706,0.013096590909090955,-0.04981534090909086
131,0.46890939650342134,361,same,132,0,1,-0.01144242648156853,-0.018500555990407192,-0.01808103453497718
131,0.3639914772727273,8,same,132,1,0,-0.011086647727272669,-0.08386363636363633,-0.09059659090909089
131,0.5172183662529699,361,same,132,1,1,0.026269523858534594,0.018405703968778313,0.0010528561612165865
132,0.4398065476190476,12,same,133,0,0,0.06758928571428566,0.01605654761904759,0.09471726190476189
132,0.6309213956756228,365,same,133,0,1,0.007915532971248774,0.04253341664505176,0.09540177365555357
132,0.3840029761904762,12,same,133,1,0,-0.062470238095238106,0.010044642857142839,-0.0504464285714286
132,0.6098315745095433,365,same,133,1,1,-0.031019647832732124,-0.011909328909831351,0.08321521992457118
133,0.4787308673469388,17,same,134,0,0,-0.022321428571428555,0.019177295918367372,0.05163584183673472
133,0.7498005928809608,336,same,134,0,1,0.05486562732244974,0.05564762830715968,0.08142270756224185
133,0.4963329081632653,17,same,134,1,0,-0.023392857142857177,0.019840561224489784,0.05612563775510202
133,0.761614447916698,336,same,134,1,1,0.0031949644758464736,0.009971032096802723,0.11599918003760105
134,0.3978966346153846,24,same,135,0,0,-0.041119791666666676,0.023566372863247854,-0.060778579059829065
134,0.48010277128089895,353,same,135,0,1,-0.014736787579965138,-0.009895713553702789,-0.030004543805369367
134,0.43910256410256415,24,same,135,1,0,-0.017747729700854663,-0.004390357905982861,-0.07216880341880337
134,0.5215173672119734,353,same,135,1,1,-0.0008411060402752745,-0.011541683070082054,0.010231869843203923
135,0.624941724941725,10,same,136,0,0,0.04978243978243979,0.13229603729603734,0.04449494949494951
135,0.7259656009949714,367,same,136,0,1,0.012959481703607756,-0.007238784693554268,0.030268305826929076
135,0.5916083916083916,10,same,136,1,0,0.00704351204351209,0.07298368298368303,-0.04411810411810403
135,0.7136961354007877,367,same,136,1,1,-0.00670230977914249,-0.01733437010751384,0.016728650427546166
136,0.3782397700983227,16,same,137,0,0,-0.012585788891298777,-0.07020390519568154,-0.04307667957955792
136,0.5356490739586943,361,same,137,0,1,-0.005723029027568294,0.02805016783406042,0.03909731231155213
136,0.47716346153846156,16,same,137,1,0,0.013736401801780113,0.06672412702429151,-0.006652360568890176
136,0.5825646367752528,361,same,137,1,1,-0.008846321762639064,0.005829050868795848,0.06194931861453904
137,0.5647220614298374,22,same,138,0,0,0.03425116753137241,-0.013410419882514313,0.020191258075350917
137,0.5880027865928964,355,same,138,0,1,0.0008136425225214294,0.0016021556990804763,0.04428666697773494
137,0.5214867757196353,22,same,138,1,0,0.029796280514821537,-0.0028115218463253045,-0.026992999278220776
137,0.6347033931790389,355,same,138,1,1,-0.013257765771276209,0.03151071016911583,0.0987662487162487
138,0.43364448051948057,8,same,139,0,0,-0.019496753246753224,0.08935572240259744,-0.024425730519480486
138,0.5083906613118688,369,same,139,0,1,-0.03414474173261674,-0.02743475554581757,0.023144671963163173
138,0.37976866883116883,8,same,139,1,0,-0.04364853896103896,0.03712763798701299,-0.05051339285714285
138,0.571770906121658,369,same,139,1,1,-0.012473814804861316,0.002842451295676862,0.06621315056332615
139,0.5987338789682539,30,same,140,0,0,0.039592220568783,0.06391993220899465,0.07713570601851846
139,0.528649838859257,347,same,140,0,1,0.009844468761738612,-0.00590990897015331,-0.01217370096908823
139,0.5877533895502646,30,same,140,1,0,0.004247891865079378,0.024593708664021174,0.05936297123015875
139,0.5451421215025651,347,same,140,1,1,0.005943814471876618,0.01435328156047443,0.0026286445208860585
140,0.4436060263266145,23,same,141,0,0,0.015054697141094132,0.0032407574043602947,0.04991888626079795
140,0.60658556559479,346,same,141,0,1,0.018065767959892943,0.03536293185189737,0.05655502113068581
140,0.4573156622788976,23,same,141,1,0,0.009192012032085566,0.013094341320444292,0.028641762649115617
140,0.5827370394163213,346,same,141,1,1,-0.0018950049487384767,0.02729883767643292,0.07108606448300563
141,0.484375,6,same,142,0,0,0.0,0.0546875,0.0
141,0.6043713906962671,371,same,142,0,1,0.027160188572431788,0.039224375564204814,0.03389644333894998
141,0.48437500000000006,6,same,142,1,0,0.0,0.0546875,0.0
141,0.6710512612728258,371,same,142,1,1,0.02832053119518644,0.012646079270517741,0.08830808785981367
142,0.45100160256410254,19,same,143,0,0,0.009391597985347989,-0.007608745421245411,0.011756524725274747
142,0.5723040194352905,358,same,143,0,1,0.03094234441700606,0.03000673129634799,0.012703479409157992
142,0.44971955128205127,19,same,143,1,0,-0.012437614468864483,-0.006880723443223452,-0.0015355998168497865
142,0.5344270865503444,358,same,143,1,1,0.0005142487866582557,0.02672596851730329,-0.035120908217582514
143,0.8407404380516508,44,same,144,0,0,-0.011388661872071604,0.03865587882750345,0.05113127020449661
143,0.7656819818787624,292,same,144,0,1,0.017782919256583263,-0.049744503645498164,0.027931555622060168
143,0.8372144128437035,44,same,144,1,0,0.024786013947913254,0.0032353982783044797,0.05540649631324688
143,0.7600532353225341,292,same,144,1,1,-0.04103341365006574,-0.05055705256139274,-0.03216392912054161
144,0.6013770082501085,47,same,145,0,0,0.003032186278766802,0.00715040165002172,0.018334183673469374
144,0.5492160910316526,330,same,145,0,1,0.0038122771946597746,0.012565385927564865,0.054213067093384824
144,0.6269892531480677,47,same,145,1,0,0.03573355405992187,-0.01840789188015629,0.025357197134172848
144,0.5293310719780742,330,same,145,1,1,-0.007162933854361786,-0.0030510563336219264,0.006773245254794907
145,0.5256696428571428,6,same,146,0,0,0.15248015873015863,0.10326140873015861,0.0
145,0.6750732447973019,371,same,146,0,1,0.026331242799832878,0.06874126080870771,0.12435642273722489
145,0.5618799603174603,6,same,146,1,0,0.10314980158730162,0.034064980158730176,0.0
145,0.6974987957668806,371,same,146,1,1,0.037362462529266546,0.033958637718565596,0.10251080339291282
146,0.6864467592592592,24,same,147,0,0,0.0010937499999999934,0.024554398148148172,0.0
146,0.6026939440751684,353,same,147,0,1,-0.09165273968288179,0.0142212320694745,0.05298574601513062
146,0.6848842592592592,24,same,147,1,0,0.0010937499999999934,0.025804398148148146,0.0
146,0.6672059800358601,353,same,147,1,1,-0.017783479191297146,0.052189364777380856,0.053640778004601194
147,0.5070609215346058,16,same,148,0,0,-0.008006795835743142,-0.021765953344900623,-0.02576573645652589
147,0.5679087423686296,361,same,148,0,1,-0.015420721689261351,0.013868563666389411,0.05572203973665255
147,0.5217129361866204,16,same,148,1,0,0.004516097937150587,-0.004526942355889696,-0.024323428764218225
147,0.5581355755202679,361,same,148,1,1,-0.014973775307744385,0.0069681848288748235,0.020547875756232504
148,0.4572164105916966,22,same,149,0,0,0.0016916054959533189,-0.019604625447016792,-0.022984570492436657
148,0.6337074880303707,355,same,149,0,1,-0.004825733838082946,0.02153991507516586,0.016385127585662927
148,0.47435442608497524,22,same,149,1,0,0.002855025409373235,0.0006103450325417759,-0.027145417273420715
148,0.6246273615871571,355,same,149,1,1,-0.015265416862006897,0.020239973962112467,0.003729355580121274
149,0.5586149961149962,34,same,150,0,0,-0.0022718481231410958,-0.0031659432521500388,0.07007218236744109
149,0.6762878781812125,335,same,150,0,1,0.045647638916444536,0.08502191818045668,0.06730836149989479
149,0.601714592878386,34,same,150,1,0,0.02832657644080063,0.023265479730997053,0.07323243207941486
149,0.6679019117820302,335,same,150,1,1,0.013922041299471822,0.09163342739353374,0.07439304108212605
150,0.7409087873931623,24,same,151,0,0,0.009404046474358907,0.03127704326923072,0.016857972756410232
150,0.8175429481084013,353,same,151,0,1,0.0036142803056168683,0.02448569898118521,0.07946068869929472
150,0.7409087873931623,24,same,151,1,0,-0.0023587740384615973,0.031116786858974288,0.016725761217948665
150,0.8157967279755802,353,same,151,1,1,0.01682088460136516,0.017911828131721964,0.07868890617962068
151,0.4214779093455564,19,same,152,0,0,-0.020228864272981907,0.010729723707664895,0.0
151,0.6792021765862852,358,same,152,0,1,0.026083918248492634,0.051729337582152125,-0.003569768827725417
151,0.4597163865546219,19,same,152,1,0,0.022690030557677637,-0.003873344792462402,0.0
151,0.6668664727612813,358,same,152,1,1,0.015911397333420153,0.055312618606923734,-0.0037647753713716202
152,0.5701923076923077,13,same,153,0,0,0.0529624542124542,0.0031410256410256522,0.03941620879120881
152,0.5932801338081279,364,same,153,0,1,0.01009285246133843,-0.011838353984202198,0.013734822259267998
152,0.534478021978022,13,same,153,1,0,-0.05589743589743588,0.03967490842490845,0.022969322344322352
152,0.6245154147723019,364,same,153,1,1,0.021124463744345658,-0.0010010228446943991,0.049934527503150264
153,0.5827651515151515,19,same,154,0,0,0.018074494949494972,0.020883838383838414,-0.0627714646464646
153,0.4529273598949724,350,same,154,0,1,-0.006535844056141637,-0.018365218761932155,-0.03804999434664148
153,0.521780303030303,19,same,154,1,0,-0.012897727272727321,0.05606060606060601,-0.013049242424242446
153,0.43047562267771355,350,same,154,1,1,-0.017271406454356604,-0.036409274982758824,-0.04320970345084526
154,0.6983953546453546,11,same,155,0,0,-0.016739510489510456,0.02572115384615382,0.023208041958041947
154,0.5893853189153563,366,same,155,0,1,-0.01803513295143252,-0.024613362780498294,0.03779954419708316
154,0.699768981018981,11,same,155,1,0,-0.0005307192807193273,0.03564872627372627,0.030394605394605402
154,0.6039811881484436,366,same,155,1,1,0.03179888067753074,-0.02605180808068197,0.04410535312712346
